time,right_s0,right_s1,right_e0,right_e1,right_w0,right_w1,right_w2
0.200000,0.00552818272157,-0.555367417869,0.00754584004817,0.757248275317,-0.00307020242606,1.25997230506,0.00870215338042
0.212224,0.00552515826902,-0.555364413859,0.0075417082303,0.757244266865,-0.00306851499082,1.2599722262,0.00869739069931
0.224449,0.0055213174669,-0.555360599018,0.00753646116672,0.757239176466,-0.003066372089,1.25997212604,0.00869134249213
0.236673,0.00551700179856,-0.55535631252,0.00753056537059,0.757233456704,-0.00306396424468,1.2599720135,0.0086845465012
0.248898,0.00551246628102,-0.555351807659,0.00752436923026,0.757227445566,-0.00306143373972,1.25997189523,0.00867740430826
0.261122,0.00550788957733,-0.55534726189,0.00751811682399,0.757221379841,-0.00305888025575,1.25997177589,0.00867019725846
0.273347,0.00550338793911,-0.555342790679,0.00751196696745,0.757215413604,-0.00305636865311,1.2599716585,0.00866310841612
0.285571,0.0054990307343,-0.555338462925,0.00750601442682,0.757209638792,-0.00305393763432,1.25997154488,0.00865624701669
0.297796,0.00549485504679,-0.555334315462,0.00750030986377,0.757204104553,-0.00305160788962,1.25997143599,0.0086496714571
0.310020,0.00549087754896,-0.555330364849,0.00749487605504,0.757198832985,-0.00304938872105,1.25997133227,0.00864340799174
0.322244,0.00548710301149,-0.555326615824,0.00748971951808,0.75719383041,-0.00304728279032,1.25997123385,0.00863746413316
0.334469,0.00548352977599,-0.555323066741,0.00748483798727,0.75718909463,-0.00304528917216,1.25997114067,0.00863183726982
0.346693,0.00548015296868,-0.555319712758,0.00748022480436,0.757184619185,-0.00304340514734,1.25997105261,0.00862651972686
0.358918,0.00547696625291,-0.555316547582,0.00747587131262,0.757180395678,-0.00304162718044,1.25997096951,0.0086215015258
0.371142,0.0054739627293,-0.55531356436,0.00747176808656,0.757176414964,-0.00303995142209,1.25997089119,0.00861677180203
0.383367,0.00547113537525,-0.555310756116,0.00746790553233,0.757172667737,-0.00303837395417,1.25997081746,0.00861231949687
0.395591,0.00546847724944,-0.555308115957,0.00746427416713,0.757169144795,-0.00303689090389,1.25997074815,0.00860813367964
0.407816,0.00546598158197,-0.555305637158,0.00746086474235,0.757165837167,-0.00303549849413,1.25997068307,0.00860420368964
0.420040,0.00546364181076,-0.555303313202,0.00745766829329,0.757162736157,-0.00303419306369,1.25997062206,0.00860051919337
0.432265,0.00546145159294,-0.555301137788,0.00745467615472,0.757159833356,-0.0030329710737,1.25997056495,0.00859707020257
0.444489,0.00545940480487,-0.555299104835,0.0074518799609,0.75715712065,-0.00303182910758,1.25997051157,0.00859384707419
0.456713,0.00545749553746,-0.555297208473,0.0074492716392,0.757154590206,-0.00303076386848,1.25997046178,0.00859084050303
0.468938,0.00545571809013,-0.555295443039,0.00744684340185,0.75715223447,-0.00302977217586,1.25997041544,0.00858804151225
0.481162,0.00545406696477,-0.555293803074,0.00744458773767,0.757150046155,-0.00302885096215,1.25997037238,0.00858544144383
0.493387,0.00545253685944,-0.555292283311,0.00744249740348,0.757148018233,-0.00302799726925,1.25997033248,0.00858303194868
0.505611,0.00545112266176,-0.555290878672,0.00744056541508,0.757146143929,-0.0030272082448,1.2599702956,0.00858080497622
0.517836,0.00544981944228,-0.555289584262,0.00743878503816,0.75714441671,-0.00302648113851,1.25997026162,0.00857875276391
0.530060,0.00544862244836,-0.555288395358,0.00743714977994,0.757142830276,-0.00302581329872,1.25997023041,0.00857686782762
0.542285,0.00544752709854,-0.555287307412,0.00743565338155,0.757141378557,-0.00302520216932,1.25997020184,0.00857514295286
0.554509,0.00544652897721,-0.555286316037,0.00743428981062,0.757140055699,-0.00302464528668,1.25997017581,0.00857357118622
0.566733,0.00544562382884,-0.555285417007,0.00743305325353,0.757138856062,-0.00302414027652,1.25997015221,0.00857214582643
0.578958,0.00544480755236,-0.555284606248,0.00743193810768,0.757137774212,-0.00302368485073,1.25997013093,0.00857086041545
0.591182,0.00544407619597,-0.555283879835,0.00743093897433,0.75713680491,-0.00302327680447,1.25997011185,0.00856970873024
0.603407,0.00544342595231,-0.555283233986,0.00743005065212,0.757135943111,-0.0030229140135,1.2599700949,0.00856868477529
0.615631,0.00544285315394,-0.55528266506,0.00742926813081,0.757135183954,-0.00302259443164,1.25997007996,0.00856778277535
0.627856,0.00544235426843,-0.555282169546,0.00742858658464,0.757134522757,-0.00302231608805,1.25997006695,0.00856699716786
0.640080,0.00544192589364,-0.555281744067,0.00742800136581,0.757133955011,-0.00302207708456,1.25997005578,0.00856632259537
0.652305,0.00544156475322,-0.555281385367,0.00742750799835,0.757133476375,-0.00302187559319,1.25997004636,0.0085657538985
0.664529,0.00544126769256,-0.555281090315,0.00742710217266,0.757133082666,-0.0030217098539,1.25997003862,0.00856528610965
0.676754,0.00544103167491,-0.555280855892,0.00742677974012,0.757132769861,-0.00302157817238,1.25997003246,0.00856491444676
0.688978,0.00544085377729,-0.555280679197,0.00742653670751,0.757132534084,-0.00302147891781,1.25997002783,0.00856463430691
0.701202,0.00544073118635,-0.555280557435,0.00742636923144,0.757132371609,-0.00302141052056,1.25997002463,0.00856444125991
0.713427,0.00544066119469,-0.555280487916,0.00742627361322,0.757132278845,-0.00302137147005,1.2599700228,0.00856433104229
0.725651,0.00544064119733,-0.555280468054,0.00742624629407,0.757132252342,-0.00302136031291,1.25997002228,0.00856429955194
0.737876,0.00544066868842,-0.555280495359,0.00742628385067,0.757132288777,-0.00302137565103,1.259970023,0.00856434284284
0.750100,0.00544074125778,-0.555280567438,0.0074263829904,0.757132384957,-0.00302141613972,1.25997002489,0.00856445711964
0.762325,0.00544085658746,-0.555280681988,0.0074265405466,0.757132537809,-0.0030214804857,1.2599700279,0.00856463873217
0.774549,0.00544101244848,-0.555280836796,0.00742675347417,0.757132744379,-0.00302156744536,1.25997003196,0.00856488417042
0.786774,0.00544120669794,-0.555281029732,0.00742701884563,0.757133001827,-0.00302167582312,1.25997003703,0.0085651900599
0.798998,0.00544143727618,-0.555281258752,0.00742733384719,0.757133307423,-0.00302180446982,1.25997004304,0.00856555315722
0.811222,0.00544170220386,-0.555281521889,0.00742769577482,0.757133658545,-0.00302195228114,1.25997004995,0.00856597034547
0.823447,0.00544199957906,-0.555281817254,0.00742810203022,0.75713405267,-0.00302211819592,1.2599700577,0.00856643862964
0.835671,0.00544232757449,-0.555282143033,0.00742855011705,0.757134487378,-0.00302230119468,1.25997006626,0.00856695513224
0.847896,0.00544268443504,-0.555282497481,0.00742903763761,0.757134960343,-0.00302250029817,1.25997007556,0.00856751708948
0.860120,0.00544306847539,-0.555282878926,0.00742956228951,0.75713546933,-0.00302271456611,1.25997008558,0.00856812184743
0.872345,0.00544347807754,-0.555283285759,0.00743012186235,0.757136012195,-0.00302294309577,1.25997009626,0.00856876685819
0.884569,0.00544391168832,-0.555283716439,0.00743071423426,0.75713658688,-0.00302318502058,1.25997010756,0.00856944967593
0.896794,0.00544436781706,-0.555284169485,0.00743133736881,0.75713719141,-0.00302343950887,1.25997011946,0.00857016795327
0.909018,0.00544484503351,-0.555284643476,0.00743198931207,0.757137823887,-0.00302370576265,1.2599701319,0.00857091943799
0.921242,0.0054453419658,-0.555285137049,0.00743266818988,0.757138482495,-0.00302398301657,1.25997014486,0.0085717019698
0.933467,0.00544585729836,-0.555285648898,0.00743337220498,0.75713916549,-0.00302427053677,1.2599701583,0.00857251347722
0.945691,0.00544638976981,-0.555286177768,0.00743409963416,0.7571398712,-0.00302456761989,1.25997017219,0.0085733519744
0.957916,0.00544693817101,-0.555286722456,0.00743484882552,0.75714059802,-0.0030248735925,1.25997018649,0.00857421555869
0.970140,0.00544750134327,-0.555287281803,0.00743561819603,0.757141344414,-0.0030251878114,1.25997020117,0.0085751024094
0.982365,0.00544807817661,-0.555287854686,0.007436406229,0.757142108899,-0.00302550966598,1.25997021622,0.0085760107891
0.994589,0.00544866760803,-0.555288439994,0.00743721147121,0.757142890037,-0.00302583858518,1.25997023161,0.00857693905065
1.006814,0.00544926861965,-0.555289036583,0.00743803252915,0.75714368639,-0.00302617405464,1.25997024732,0.00857788565694
1.019038,0.00544988023699,-0.55528964317,0.00743886806303,0.757144496411,-0.0030265156553,1.25997026338,0.00857884922817
1.031263,0.00545050152715,-0.555290258111,0.00743971677504,0.75714531816,-0.00302686314421,1.25997027983,0.00857982864463
1.043487,0.00545113159668,-0.555290878951,0.00744057738326,0.757146148604,-0.00302721661399,1.25997029684,0.00858082325608
1.055711,0.00545176958848,-0.555291501552,0.00744144856207,0.757146981929,-0.00302757678916,1.25997031474,0.00858183328486
1.067936,0.00545241467654,-0.555292118463,0.00744232880907,0.757147805712,-0.00302794554445,1.25997033423,0.00858286056312
1.080160,0.00545306605656,-0.555292716022,0.00744321615923,0.75714859256,-0.00302832675354,1.25997035668,0.00858390981231
1.092385,0.00545372292809,-0.555293269434,0.00744410759663,0.757149282768,-0.00302872757837,1.25997038451,0.00858499074818
1.104609,0.00545438446098,-0.55529373476,0.00744499790184,0.757149750028,-0.00302916026001,1.25997042196,0.00858612135507
1.116834,0.00545504973439,-0.555294036511,0.00744587750724,0.757149736971,-0.00302964432894,1.25997047605,0.00858733268476
1.129058,0.00545571763096,-0.555294049257,0.00744672872098,0.757148740217,-0.0030302088745,1.25997055776,0.00858867544732
1.141283,0.00545638666406,-0.555293571693,0.00744751946103,0.757145816332,-0.00303089407733,1.25997068358,0.00859022841927
1.153507,0.00545705471374,-0.555292291766,0.00744819351193,0.757139273,-0.00303175065158,1.25997087689,0.00859210825645
1.165731,0.00545771865382,-0.555289742198,0.00744865645073,0.757126207866,-0.00303283529385,1.25997116909,0.00859447966077
1.177956,0.00545837387501,-0.555285246813,0.00744875703379,0.757101867583,-0.00303419994082,1.25997159992,0.00859756407033
1.190180,0.00545901375421,-0.555277859838,0.00744826526371,0.75705882901,-0.00303587293823,1.25997221625,0.00860164425656
1.202405,0.00545962919217,-0.55526630253,0.00744685074581,0.756986059698,-0.00303783146673,1.25997306915,0.00860706162418
1.214629,0.00546020843339,-0.555248904131,0.00744406820265,0.756867996177,-0.0030399669414,1.25997420867,0.0086142028658
1.226854,0.00546073747247,-0.555223557009,0.00743936056764,0.756683876192,-0.00304204842755,1.25997567675,0.00862347315275
1.239078,0.00546120139787,-0.555187698585,0.00743209273392,0.756407650396,-0.00304369270285,1.25997749899,0.00863525440763
1.251303,0.0054615869729,-0.555138334751,0.00742162905145,0.756008842196,-0.0030443522306,1.25997967666,0.00864984943668
1.263527,0.00546188654791,-0.555072120386,0.0074074631505,0.755454677772,-0.00304333250778,1.25998218069,0.00866741567312
1.275752,0.00546210301387,-0.554985511409,0.00738939831716,0.754713637914,-0.00303984677153,1.25998494952,0.00868789568146
1.287976,0.00546225498055,-0.554874998878,0.00736776067661,0.753760284789,-0.00303310855444,1.25998789204,0.00871095487492
1.300200,0.00546238081797,-0.554737428299,0.00734360837932,0.752580832296,-0.0030224521967,1.25999089586,0.00873593937844
1.312425,0.00546253984447,-0.554570396253,0.00731888282062,0.751178550166,-0.00300746088208,1.25999384008,0.00876186774615
1.324649,0.00546280902417,-0.554372702093,0.00729643925055,0.749577845284,-0.00298807488072,1.2599966104,0.00878746842638
1.336874,0.00546327424296,-0.554144815802,0.00727990023377,0.747825870237,-0.00296465319552,1.2599991134,0.00881126983663
1.349098,0.0054640165903,-0.553889306434,0.00727329975185,0.745990837017,-0.00293797185229,1.26000128728,0.00883174166668
1.361323,0.00546509585099,-0.553611162044,0.00728052669126,0.744156835938,-0.0029091608604,1.26000310638,0.00884747551661
1.373547,0.00546653509571,-0.553317925827,0.00730462649772,0.742415739548,-0.00287960520775,1.26000457874,0.00885738218503
1.385772,0.00546831116586,-0.553019578846,0.00734706668328,0.74085749073,-0.0028508562955,1.2600057373,0.00886087458907
1.397996,0.00547035532886,-0.552728120397,0.00740710203493,0.739560501421,-0.00282461139354,1.26000662686,0.00885800221417
1.410220,0.00547256610427,-0.552456833597,0.00748137815135,0.73858386406,-0.00280281424399,1.26000729012,0.00884950706399
1.422445,0.0054748324512,-0.552219272458,0.00756388349401,0.737962587244,-0.00278790811847,1.26000775618,0.00883678248919
1.434669,0.00547706102065,-0.552028059462,0.00764630518387,0.737706263361,-0.00278323672565,1.26000803392,0.00882173311218
1.446894,0.00547919735447,-0.551893627786,0.00771877437241,0.737800739103,-0.00279354598018,1.26000811182,0.00880655268013
1.459118,0.00548122920883,-0.551823068004,0.00777091887834,0.738211795645,-0.00282550053014,1.26000796368,0.00879345266863
1.471343,0.00548316166778,-0.551819236789,0.00779308846631,0.738889761268,-0.0028881021145,1.26000755802,0.00878438398622
1.483567,0.00548495865297,-0.551880253715,0.00777759097838,0.739774383728,-0.00299288810888,1.26000686789,0.00878079506103
1.495792,0.00548645307499,-0.551999458655,0.00771977773706,0.7407999629,-0.00315379950353,1.26000587715,0.00878346204732
1.508016,0.00548723657093,-0.552165840255,0.00761884005038,0.74190130303,-0.00338663565509,1.26000457991,0.00879241304858
1.520240,0.00548654743942,-0.552364891489,0.00747821736452,0.743021090616,-0.00370805389339,1.26000297143,0.00880695153893
1.532465,0.00548318005177,-0.552579813775,0.00730556326612,0.744118609129,-0.00413412071589,1.26000103133,0.0088257682059
1.544689,0.00547543937537,-0.552792981193,0.00711226186185,0.745178351745,-0.00467847441061,1.25999870293,0.00884711817313
1.556914,0.00546115993336,-0.552987585775,0.0069125308961,0.746215529687,-0.00535021454412,1.25999587549,0.00886903374113
1.569138,0.0054378001415,-0.55314940103,0.00672218866362,0.747274387405,-0.00615169031475,1.25999237747,0.00888954188522
1.581363,0.00540261184314,-0.553268609033,0.00655719947421,0.748415326352,-0.00707641434181,1.25998798919,0.00890686016432
1.593587,0.00535287275715,-0.553341626082,0.00643214601198,0.749688514223,-0.00810737472236,1.25998248021,0.00891955300307
1.605812,0.00528615833974,-0.55337283225,0.00635880249836,0.751094784701,-0.00921604541615,1.2599756728,0.00892664054272
1.618036,0.00520062103183,-0.553376071822,0.00634499317359,0.75253846518,-0.0103623888344,1.25996752696,0.00892766214642
1.630261,0.00509524055124,-0.55337576356,0.00639390772758,0.753780101575,-0.0114960899932,1.25995823712,0.00892270397174
1.642485,0.00497000985363,-0.5534074627,0.00650400189907,0.75439859861,-0.0125591487305,1.25994832746,0.00891240307697
1.654709,0.00482602796176,-0.553517763571,0.00666953590714,0.753771186786,-0.0134897867027,1.25993873217,0.00889793863813
1.666934,0.00466548241999,-0.55376352111,0.00688170279326,0.751075804059,-0.0142274173145,1.25993084985,0.00888101478905
1.679158,0.00449151901067,-0.554210482151,0.00713018996129,0.745314848316,-0.014718215298,1.25992656658,0.00886383161171
1.691383,0.00430801209827,-0.554931520786,0.00740492417735,0.735353487341,-0.0149206565508,1.25992824844,0.00884903417222
1.703607,0.0041192627671,-0.556004731213,0.00769769808471,0.719961718117,-0.0148103265868,1.25993870895,0.00883962758201
1.715832,0.00392966137024,-0.557511621522,0.00800338313348,0.697848624126,-0.0143833508424,1.25996115976,0.00883885114832
1.728056,0.00374335473972,-0.559535569896,0.00832050418833,0.667680252101,-0.0136579865304,1.25999915158,0.00885001699012
1.740281,0.00356395589898,-0.562160573645,0.00865107256702,0.628078422916,-0.012674203311,1.26005650868,0.0088763357792
1.752505,0.00339432662068,-0.565470184734,0.00899971997845,0.577604752731,-0.0114914086686,1.26013725537,0.00892077017972
1.764729,0.00323645232314,-0.569546432993,0.00937231171325,0.514739886098,-0.0101847693687,1.26024552857,0.00898596979206
1.776954,0.00309141660242,-0.574468528256,0.00977431211061,0.437870472165,-0.00884077533109,1.26038546918,0.0090743452101
1.789178,0.00295947096906,-0.580311216517,0.010209208917,0.345294828423,-0.00755274501523,1.26056108675,0.00918833038274
1.801403,0.00284018545423,-0.587142820527,0.0106772721505,0.235252989812,-0.00641687648804,1.26077609718,0.00933086179839
1.813627,0.00273265849586,-0.595023171509,0.0111748398293,0.105979614423,-0.00552923571751,1.26103374019,0.00950607278097
1.825852,0.00263576028077,-0.604001773369,0.0116942105667,-0.0442286682601,-0.00498379826463,1.26133658981,0.00972016604668
1.838076,0.00254838253243,-0.614116581205,0.0122241082225,-0.216944258456,-0.00487138689635,1.26168637586,0.00998239306351
1.850301,0.0024696693952,-0.625393697873,0.0127505898005,-0.413551304288,-0.00527913464429,1.26208383537,0.0103060398085
1.862525,0.00239920820092,-0.637848110076,0.0132582099388,-0.635210241399,-0.00628999305636,1.26252861047,0.0107092993037
1.874749,0.00233716500232,-0.65148534747,0.0137312394976,-0.882848311853,-0.00798181946686,1.26301920385,0.0112159045539
1.886974,0.00228435716257,-0.666303722168,0.0141547590816,-1.15717348292,-0.0104257123446,1.26355299642,0.0118554025855
1.899198,0.0022422631988,-0.682296656441,0.0145155014242,-1.45870362667,-0.0136834952409,1.26412632512,0.0126629713276
1.911423,0.00221297754519,-0.699454575278,0.0148023858344,-1.78779986988,-0.0178045333317,1.26473461377,0.0136787150114
1.923647,0.00219912391012,-0.717765935372,0.0150067581069,-2.14469320789,-0.022822343938,1.26537254648,0.0149464182811
1.935872,0.00220374450877,-0.737217156823,0.0151224058317,-2.5294963928,-0.0287516708408,1.26603427115,0.0165117907814
1.948096,0.00223018302718,-0.757791468858,0.0151454506457,-2.9421976888,-0.035586776868,1.26671362038,0.0184202879497
1.960321,0.00228197665924,-0.779466919795,0.0150742200966,-3.38263802653,-0.0433016376832,1.2674043362,0.0207146445626
1.972545,0.00236276764659,-0.802213986307,0.0149091743013,-3.85047724292,-0.0518524933278,1.2681002856,0.0234322992302
1.984770,0.00247623884999,-0.825993318471,0.0146529157715,-4.34515774719,-0.0611828714445,1.26879565357,0.0266029144501
1.996994,0.00262607278272,-0.850754166307,0.014310259282,-4.86587488397,-0.0712308055325,1.26948510161,0.03024620276
2.009218,0.00281593085528,-0.876433958767,0.0138882983868,-5.41156262462,-0.0819376133962,1.27016388245,0.0343702514104
2.021443,0.00304945009233,-0.902959364846,0.013396388525,-5.98090134804,-0.0932573451433,1.27082790559,0.0389704952053
2.033667,0.00333025775706,-0.930248978828,0.0128459783877,-6.57235171146,-0.105165896817,1.27147375492,0.0440294230244
2.045892,0.00366200827192,-0.958217556321,0.0122502567889,-7.18421520294,-0.117668816079,1.27209866581,0.0495170255635
2.058116,0.00404844884231,-0.986781501936,0.0116236293133,-7.81471807537,-0.13080696672,1.27270047531,0.0553919110836
2.070341,0.0044935177227,-1.01586509176,0.0109810814658,-8.46211118936,-0.144659417216,1.27327756216,0.0616029452192
2.082565,0.00500147091156,-1.04540672753,0.0103375088926,-9.12477422566,-0.15934312672,1.27382879318,0.0680912221551
2.094790,0.005577020268,-1.07536439481,0.00970709343467,-9.80130943418,-0.175009193402,1.27435348799,0.0747921564456
2.107014,0.00622545209057,-1.10571946942,0.00910277865897,-10.4906084857,-0.191835608953,1.27485140638,0.0816375009528
2.119238,0.00695268523294,-1.13647811683,0.00853586090572,-11.1918770582,-0.21001665774,1.27532275348,0.0885571444115
2.131463,0.00776522704379,-1.16766977621,0.00801567690626,-11.9046062118,-0.229749344469,1.27576818982,0.095480613822
2.143687,0.0086699970577,-1.19934260483,0.00754935040051,-12.6284873979,-0.251217548708,1.27618882806,0.102338289418
2.155912,0.0096740120942,-1.23155623412,0.0071415650808,-13.3632781755,-0.274574970531,1.27658619803,0.109062417523
2.168136,0.0107839577322,-1.26437267469,0.00679435747155,-14.1086364518,-0.29992828848,1.27696216623,0.115588062701
2.180361,0.0120057021863,-1.29784660011,0.00650696032743,-14.863949779,-0.32732220605,1.2773188047,0.121854160942
2.192585,0.0133438304487,-1.33201643732,0.00627575946741,-15.6281903914,-0.356728117008,1.27765821516,0.127804811482
2.204810,0.014801281898,-1.36689762591,0.00609444032796,-16.3998245454,-0.388037902062,1.27798232532,0.133390876548
2.217034,0.0163791603734,-1.40247906933,0.00595438685778,-17.1767961146,-0.42106386736,1.27829268286,0.138571856664
2.229259,0.018076754403,-1.43872324583,0.00584535587036,-17.9565908393,-0.455545109461,1.27859027689,0.143317895575
2.241483,0.0198917642986,-1.47556979281,0.00575639469618,-18.73637216,-0.491159766593,1.27887541627,0.147611671032
2.253707,0.0218206924166,-1.51294177087,0.00567691442694,-19.513165881,-0.527541851637,1.27914768751,0.151449873129
2.265932,0.0238593230252,-1.55075338839,0.00559779089361,-20.2840623171,-0.564300809275,1.27940600487,0.154843980257
2.278156,0.0260032056863,-1.58891781052,0.0055123515367,-21.0464030094,-0.60104170094,1.27964875139,0.157820118598
2.290381,0.0282480626417,-1.6273538056,0.00541712124268,-21.7979245702,-0.637384025558,1.27987399541,0.160417921805
2.302605,0.0305900630697,-1.66599034313,0.00531223849517,-22.5368428822,-0.672977584171,1.2800797549,0.16268846493
2.314830,0.0330259382775,-1.70476874695,0.00520150354783,-23.2618736996,-0.707514387881,1.28026427378,0.164691494964
2.327054,0.0355529436949,-1.74364250413,0.00509206990571,-23.9721973934,-0.740736261261,1.28042627198,0.166492285423
2.339279,0.0381686989521,-1.78257522883,0.00499382893748,-24.667383618,-0.772438386103,1.28056513538,0.168158481669
2.351503,0.0408709522769,-1.82153751547,0.00491856000944,-25.3472948756,-0.802469475882,1.28068102111,0.169757271535
2.363727,0.0436573193107,-1.86050347041,0.00487892609083,-26.0119866466,-0.830729527204,1.28077486767,0.171353124449
2.375952,0.0465250414179,-1.89944761133,0.00488739258683,-26.6616173766,-0.857166161798,1.28084831363,0.173006216797
2.388176,0.049470798295,-1.93834262181,0.0049551418968,-27.2963761226,-0.881770483666,1.2809035423,0.174771532045
2.400401,0.0524905978224,-1.97715820538,0.00509105302855,-27.9164307575,-0.904573179644,1.28094307897,0.176698518811
2.412625,0.0555797551249,-2.01586105145,0.00530081617457,-28.5218963546,-0.92564133962,1.2809695719,0.178831126517
2.424850,0.0587329636567,-2.054415742,0.00558625426161,-29.112821861,-0.945076209808,1.28098558761,0.181208022904
2.437074,0.0619444534592,-2.09278630762,0.00594492226271,-29.6891928748,-0.963011852425,1.28099344523,0.183862824934
2.449299,0.0652082246028,-2.13093808777,0.00637004524384,-30.250948423,-0.979614488771,1.28099510655,0.18682423102
2.461523,0.06851833654,-2.16883955034,0.00685083436281,-30.7980093287,-0.995082160505,1.28099212803,0.190116010491
2.473747,0.0718692267647,-2.20646376718,0.00737318652804,-31.3303147531,-1.00964425833,1.28098567164,0.193756868585
2.485972,0.0752560258411,-2.2437893085,0.0079207321894,-31.8478619761,-1.02356043597,1.28097656336,0.197760248615
2.498196,0.0786748322213,-2.28080039933,0.00847615366715,-32.3507430417,-1.03711844582,1.28096538315,0.202134149881
2.510421,0.0821229109675,-2.31748626511,0.0090226614101,-32.8391712361,-1.05063049606,1.2809525684,0.20688102973
2.522645,0.0855987865386,-2.35383967696,0.00954549438111,-33.3134910496,-1.06442783337,1.28093851406,0.211997827148
2.534870,0.0891022110313,-2.38985478683,0.010033307394,-33.7741674273,-1.07885339573,1.28092365626,0.217476104485
2.547094,0.0926340042904,-2.42552441563,0.0104793230906,-34.2217534456,-1.09425255133,1.28090853129,0.22330226687
2.559319,0.0961957787336,-2.46083702146,0.0108821563339,-34.6568393807,-1.1109621332,1.28089380686,0.229457798072
2.571543,0.099789576803,-2.49577362558,0.0112462585284,-35.0799896329,-1.12929818197,1.28088028698,0.235919454697
2.583768,0.103417460097,-2.53030500321,0.011581971932,-35.4916763778,-1.1495430027,1.28086889462,0.242659388316
2.595992,0.10708109469,-2.56438944949,0.0119052226366,-35.892219648,-1.17193230311,1.28086063753,0.249645210208
2.608216,0.11078137628,-2.59797139933,0.0122369101174,-36.2817426815,-1.19664328533,1.28085656243,0.256840062577
2.620441,0.114518132082,-2.63098111183,0.012602067808,-36.6601490452,-1.22378459104,1.2808577017,0.264202797816
2.632665,0.118289925433,-2.66333552772,0.0130288724423,-37.0271247469,-1.25338893536,1.28086501579,0.271688380569
2.644890,0.122093975857,-2.69494028151,0.0135475720104,-37.3821649146,-1.28540910973,1.28087933373,0.279248609567
2.657114,0.125926194441,-2.72569271644,0.014189387314,-37.7246212727,-1.319717798,1.28090129425,0.286833209977
2.669339,0.129781323524,-2.75548563055,0.0149854255262,-38.0537640723,-1.35611136157,1.2809312908,0.294391282878
2.681563,0.133653162406,-2.78421139831,0.015965630723,-38.3688506729,-1.39431743908,1.28096942451,0.301873031972
2.693788,0.137534857099,-2.81176607884,0.0171577890839,-38.6691927118,-1.43400591043,1.28101547028,0.3092316342
2.706012,0.141419231211,-2.83805314679,0.0185866056301,-38.9542146544,-1.47480252248,1.28106886099,0.316425091304
2.718236,0.145299135249,-2.86298655622,0.0202728724533,-39.2234982095,-1.51630428523,1.28112869425,0.323417897
2.730461,0.149167791043,-2.88649295763,0.0222327510547,-39.476809267,-1.55809563463,1.28119376414,0.330182375215
2.742685,0.153019105683,-2.90851300706,0.024477189361,-39.7141062738,-1.59976432277,1.2812626179,0.336699579862
2.754910,0.156847925482,-2.92900181236,0.0270114849685,-39.9355309754,-1.64091603732,1.28133363453,0.342959686304
2.767134,0.160650197339,-2.9479286362,0.0298349914879,-40.1413840095,-1.68118686674,1.28140511935,0.348961842601
2.779359,0.164423005882,-2.96527601159,0.0329409494665,-40.3320888646,-1.72025291104,1.28147540647,0.35471348341
2.791583,0.168164463782,-2.98103842575,0.0363164144232,-40.5081482688,-1.75783658572,1.28154296014,0.360229144436
2.803808,0.171873451815,-2.99522070632,0.0399422586301,-40.6700972827,-1.79370946529,1.28160646612,0.365528855159
2.816032,0.175549233848,-3.0078362145,0.0437932432243,-40.8184573704,-1.82769184139,1.28166490573,0.370636234055
2.828257,0.179191004958,-3.01890492939,0.0478381897762,-40.9536955917,-1.85964949425,1.28171760785,0.375576459348
2.840481,0.182797459674,-3.0284515058,0.0520403159046,-41.0761927855,-1.88948844963,1.28176427713,0.380374328001
2.852705,0.186366481644,-3.03650340448,0.0563578240525,-41.1862241106,-1.91714866894,1.28180499948,0.385052630324
2.864930,0.189895047195,-3.04308922326,0.0607448324869,-41.2839544557,-1.94259765921,1.28184022812,0.389631042424
2.877154,0.193379399629,-3.0482373872,0.0651527046991,-41.3694499476,-1.96582487239,1.28187075457,0.394125666922
2.889379,0.196815492953,-3.05197536958,0.0695317690026,-41.4427050967,-1.98683750416,1.28189766865,0.398549240114
2.901603,0.200199635043,-3.05432960192,0.0738333364854,-41.5036831973,-2.00565794552,1.28192231071,0.402911891776
2.913828,0.203529198813,-3.05532618095,0.0780118434198,-41.5523657221,-2.02232275696,1.28194621728,0.407222223507
2.926052,0.206803234147,-3.05499239529,0.0820268874378,-41.5888049699,-2.03688270609,1.28197106032,0.411488396322
2.938277,0.210022816715,-3.05335898254,0.0858449144181,-41.6131734628,-2.04940320585,1.2819985791,0.415718913369
2.950501,0.213191015829,-3.05046290654,0.0894403531804,-41.6258037325,-2.05996445131,1.28203050436,0.41992285671
2.962725,0.2163124436,-3.04635033669,0.0927960812881,-41.6272132147,-2.06866068174,1.28206847558,0.424109473984
2.974950,0.219392443095,-3.04107943901,0.0959032177565,-41.6181107991,-2.07559824788,1.28211395448,0.428287178147
2.987174,0.222436059476,-3.03472257063,0.0987603496734,-41.599383851,-2.08089247499,1.28216813978,0.43246217817
2.999399,0.225446993011,-3.02736751311,0.101372382516,-41.5720668364,-2.08466359978,1.28223189059,0.436637059882
3.011623,0.228426742337,-3.01911748165,0.103749239664,-41.5372946719,-2.08703225525,1.28230566582,0.440809658537
3.023848,0.231374109153,-3.0100897889,0.10590462045,-41.4962453393,-2.08811504166,1.28238948704,0.444972504964
3.036072,0.234285162963,-3.00041319817,0.107854967811,-41.4500770073,-2.08802065128,1.28248292996,0.449113004974
3.048297,0.237153676577,-2.99022414314,0.109618716714,-41.399864941,-2.08684683932,1.28258514703,0.453214362391
3.060521,0.239971961863,-2.97966209728,0.111215817017,-41.3465429715,-2.0846783101,1.28269492016,0.457257119212
3.072745,0.242731978311,-2.96886443567,0.112667469508,-41.2908534574,-2.08158538135,1.28281073959,0.461221093222
3.084970,0.245426562179,-2.95796114755,0.113995991698,-41.2333086865,-2.07762315618,1.2829309017,0.465087458485
3.097194,0.248050629109,-2.9470697455,0.115224739077,-41.1741657084,-2.07283090935,1.28305361678,0.468840732925
3.109419,0.250602227498,-2.93629069445,0.116378036812,-41.1134157338,-2.06723148727,1.28317711685,0.472470490347
3.121643,0.253083350465,-2.92570366584,0.117481110126,-41.0507885139,-2.06083070522,1.28329975323,0.475972676726
3.133868,0.25550044037,-2.9153649108,0.118560024484,-40.9857714645,-2.05361694929,1.28342007516,0.479350461429
3.146092,0.257864537323,-2.90530603046,0.119641650603,-40.9176426664,-2.04556138862,1.28353688222,0.48261458381
3.158317,0.26019103543,-2.89553437774,0.120753654418,-40.8455161774,-2.03661931062,1.2836492464,0.485783168013
3.170541,0.262499025595,-2.88603522994,0.121924486093,-40.768397316,-2.02673305916,1.28375650307,0.488880987595
3.182766,0.26481023022,-2.8767757136,0.123183316628,-40.6852447472,-2.01583686787,1.2838582138,0.491938182576
3.194990,0.267147577189,-2.86771024791,0.124559857231,-40.5950354338,-2.00386355979,1.28395410754,0.494988474975
3.207214,0.269533514762,-2.85878703391,0.126084002399,-40.4968279557,-1.99075269294,1.2840440099,0.498066993554
3.219439,0.271988224671,-2.84995490393,0.127785263744,-40.3898195256,-1.97645935542,1.28412777158,0.501207891093
3.231663,0.274527932387,-2.84116971483,0.129692002284,-40.2733923676,-1.9609625457,1.28420520739,0.504441996694
3.243888,0.277163526514,-2.83239946682,0.131830512777,-40.1471460264,-1.94427198752,1.2842760554,0.507794769914
3.256112,0.279899674658,-2.82362747382,0.134224053525,-40.0109135642,-1.92643235847,1.28433996222,0.511284799126
3.268337,0.282734561437,-2.8148531868,0.136891939869,-39.8647612801,-1.90752424049,1.28439649594,0.514923013257
3.280561,0.285660286129,-2.80609062668,0.139848823781,-39.7089732822,-1.88766156607,1.28444518355,0.518712667871
3.292786,0.288663860675,-2.79736474732,0.143104264866,-39.5440236498,-1.86698584136,1.28448556546,0.522650048058
3.305010,0.291728663652,-2.78870634759,0.146662662847,-39.3705398036,-1.84565787409,1.28451725729,0.526725728779
3.317234,0.294836149337,-2.78014632687,0.150523574428,-39.1892609568,-1.82384803792,1.28454000849,0.530926170049
3.329459,0.297967592513,-2.77171010427,0.154682385596,-39.0009951811,-1.8017262189,1.28455374877,0.535235409621
3.341683,0.301105668963,-2.76341290901,0.159131261341,-38.8065778871,-1.77945251499,1.28455861624,0.539636645877
3.353908,0.304235719908,-2.75525643679,0.163860254869,-38.6068336516,-1.7571695355,1.28455496467,0.544113563481
3.366132,0.307346612103,-2.74722711194,0.168858432892,-38.4025425753,-1.7349968372,1.28454335078,0.548651323675
3.378357,0.310431169233,-2.73929595274,0.174114866172,-38.1944118916,-1.71302770834,1.28452450491,0.553237201211
3.390581,0.31348620307,-2.73141984957,0.179619347291,-37.9830533921,-1.69132822511,1.28449928983,0.557860889643
3.402806,0.316512208544,-2.72354394964,0.185362730549,-37.7689672698,-1.66993829126,1.28446865231,0.562514514486
3.415030,0.319512805074,-2.71560479615,0.191336839486,-37.552533015,-1.64887423805,1.28443357157,0.567192396474
3.427255,0.322494011002,-2.70753387186,0.197533950305,-37.3340078313,-1.62813249741,1.28439500756,0.57189060601
3.439479,0.325463434273,-2.69926122595,0.20394592619,-37.1135325649,-1.60769384849,1.28435385132,0.576606354657
3.451703,0.328429455429,-2.69071889748,0.210563137701,-36.891144387,-1.58752775781,1.28431087948,0.581337284741
3.463928,0.331400470907,-2.68184388098,0.217373347264,-36.6667946103,-1.56759637868,1.28426671558,0.586080740999
3.476152,0.334384255641,-2.67258041261,0.224360751953,-36.4403693095,-1.54785784397,1.28422180128,0.590833129986
3.488377,0.337387492285,-2.66288139896,0.23150536304,-36.2117101085,-1.52826858313,1.28417638151,0.595589482579
3.500601,0.340415498174,-2.6527088746,0.238782853615,-35.9806327445,-1.50878452071,1.28413050727,0.600343323589
3.512826,0.343472159928,-2.64203346553,0.246164933683,-35.7469418125,-1.48936116518,1.28408405881,0.605086917167
3.525050,0.346560060787,-2.63083294688,0.253620227652,-35.5104412582,-1.46995275863,1.28403678981,0.609811901835
3.537275,0.349680760947,-2.61909010146,0.26111554731,-35.2709414025,-1.4505108074,1.28398838997,0.614510265234
3.549499,0.352835170851,-2.60679018975,0.268617389272,-35.028264208,-1.43098242471,1.28393856007,0.619175549911
3.561723,0.356023946008,-2.59391841027,0.276093451142,-34.7822488552,-1.4113089674,1.28388709037,0.623804140448
3.573948,0.359247832113,-2.58045774552,0.283513961106,-34.5327593537,-1.39142542716,1.28383393096,0.62839646704
3.586172,0.362507901489,-2.56638754638,0.290852650074,-34.2796949402,-1.3712609425,1.28377924216,0.632957972996
3.598397,0.365805643977,-2.55168311101,0.298087256342,-34.0230026569,-1.35074064476,1.28372341439,0.637499728578
3.610621,0.369142903001,-2.53631637825,0.305199527996,-33.7626901169,-1.32978886211,1.2836670504,0.642038622035
3.622846,0.372521675686,-2.52025770073,0.312174764419,-33.4988354296,-1.30833350675,1.28361090771,0.646597110027
3.635070,0.375943819234,-2.50347851562,0.319001002756,-33.2315908818,-1.28631128903,1.2835558054,0.651202554838
3.647295,0.37941072063,-2.48595461076,0.325667999065,-32.961177395,-1.2636732608,1.28350250554,0.655886209536
3.659519,0.382922991008,-2.46766960943,0.332166172609,-32.6878679824,-1.24039010341,1.28345158466,0.660681932945
3.671743,0.386480239666,-2.4486182744,0.338485675448,-32.4119601802,-1.21645655495,1.28340331437,0.665624725974
3.683968,0.390080967711,-2.42880926096,0.344615722296,-32.1337393996,-1.19189441852,1.28335757048,0.670749182748
3.696192,0.393722600686,-2.40826702147,0.350544273857,-31.8534369244,-1.16675370765,1.28331378784,0.676087947461
3.708417,0.397401657161,-2.38703266459,0.356258118189,-31.5711875041,-1.14111165955,1.28327097253,0.681670262801
3.720641,0.401114029761,-2.36516368712,0.361743346011,-31.2869918944,-1.1150695665,1.28322777531,0.687520688349
3.732866,0.404855339559,-2.34273260671,0.366986173111,-31.0006891784,-1.08874762046,1.28318262121,0.693658056621
3.745090,0.408621316033,-2.31982461993,0.371974029966,-30.7119423402,-1.06227820607,1.28313388113,0.700094719052
3.757315,0.412408153595,-2.29653448292,0.376696817194,-30.4202386223,-1.03579828016,1.283080064,0.706836113932
3.769539,0.416212801508,-2.272962859,0.381148215719,-30.1249040357,-1.0094416076,1.28302000375,0.713880664078
3.781764,0.420033155173,-2.24921240072,0.385326941412,-29.8251294336,-0.983331658365,1.2829530148,0.721219986438
3.793988,0.423868131263,-2.22538383492,0.389237843455,-29.5200041685,-0.957575895779,1.2828789934,0.728839372361
3.806212,0.42771762446,-2.20157230344,0.392892761719,-29.2085527751,-0.932262007281,1.28279844955,0.736718479417
3.818437,0.431582357551,-2.17786418135,0.396311078768,-28.8897704332,-0.90745637253,1.2827124644,0.744832166001
3.830661,0.435463647556,-2.15433455087,0.399519924992,-28.5626540472,-0.883204770818,1.28262257864,0.753151399355
3.842886,0.439363117404,-2.13104545471,0.402554019208,-28.2262273654,-0.859535049671,1.28253062769,0.761644175306
3.855110,0.443282385177,-2.10804498943,0.405455150597,-27.8795602735,-0.836461255662,1.28243854659,0.770276401497
3.867335,0.447222761414,-2.08536723197,0.408271329892,-27.5217838646,-0.813988599767,1.28234817132,0.779012711968
3.879559,0.451184980372,-2.06303292734,0.411055656941,-27.1521037808,-0.792118605799,1.28226106225,0.787817196372
3.891784,0.455168984545,-2.04105081041,0.413864967016,-26.7698144711,-0.770853862495,1.28217837078,0.796654039397
3.904008,0.459173774348,-2.01941939725,0.4167583281,-26.3743163988,-0.750201940116,1.28210076259,0.805488073702
3.916232,0.463197327737,-1.99812906724,0.419795464854,-25.9651370167,-0.730178203979,1.2820284015,0.814285252878
3.928457,0.467236588375,-1.97716426631,0.423035181577,-25.541954802,-0.710807422943,1.28196098952,0.823013050666
3.940681,0.471287516089,-1.95650569143,0.426533846368,-25.1046241615,-0.692124202596,1.28189785087,0.831640790559
3.952906,0.475345190004,-1.93613235663,0.43034398332,-24.6531979365,-0.674172357313,1.28183804351,0.84013990788
3.965130,0.479403952567,-1.9160234825,0.43451300121,-24.1879438221,-0.657003373852,1.28178048025,0.848484145723
3.977355,0.483457581645,-1.89616018266,0.439082069056,-23.7093513964,-0.640674125031,1.28172404273,0.856649687491
3.989579,0.487499477573,-1.87652693651,0.444085134733,-23.2181275813,-0.625243983541,1.2816676754,0.864615231827
4.001804,0.491522852556,-1.85711283631,0.449548075757,-22.715180022,-0.610771479925,1.28161045175,0.872362019488
4.014028,0.495520910978,-1.83791258257,0.455487973498,-22.2015897327,-0.597310655621,1.28155161001,0.879873824802
4.026253,0.499487011086,-1.81892718399,0.461912513605,-21.6785760352,-0.58490728318,1.28149056042,0.887136925401
4.038477,0.503414801166,-1.80016430674,0.46881953412,-21.1474579538,-0.573595155045,1.28142686966,0.89414006207
4.050701,0.507298326523,-1.78163822048,0.476196764109,-20.6096165879,-0.563392668462,1.28136022961,0.90087439593
4.062926,0.511132107033,-1.76336930969,0.484021813732,-20.0664624865,-0.554299945616,1.28129041837,0.90733346357
4.075150,0.514911188284,-1.74538315627,0.492262484988,-19.5194108004,-0.546296716276,1.28121726036,0.913513123863
4.087375,0.518631171834,-1.72770924581,0.500877466075,-18.9698652608,-0.539341151966,1.28114059114,0.919411484841
4.099599,0.52228823142,-1.71037939604,0.509817448881,-18.4192101682,-0.533369778585,1.28106023064,0.925028796877
4.111824,0.525879121894,-1.69342604104,0.519026670302,-17.868807987,-0.528298515771,1.28097596675,0.93036730024
4.124048,0.529401186187,-1.67688052116,0.528444829095,-17.3199991053,-0.524024806122,1.28088755024,0.93543102082
4.136273,0.532852363173,-1.66077152309,0.538009279347,-16.7741000724,-0.520430715879,1.28079470057,0.940225516139
4.148497,0.536231196405,-1.64512378869,0.547657359073,-16.2323971617,-0.517386819652,1.28069712192,0.944757582837
4.160721,0.539536841071,-1.62995717083,0.557328686547,-15.696133318,-0.51475663148,1.28059452772,0.949034944501
4.172946,0.542769064659,-1.61528606745,0.566967253618,-15.1664881724,-0.512401316184,1.28048667195,0.95306594327
4.185170,0.545928236164,-1.60111922003,0.576523165436,-14.6445524994,-0.510184409454,1.28037338449,0.956859259027
4.197395,0.549015299223,-1.58745982552,0.585953916398,-14.1312999347,-0.507976290601,1.28025460747,0.960423676417
4.209619,0.552031726232,-1.57430588688,0.595225145172,-13.6275596735,-0.50565818541,1.28013042914,0.963767913079
4.221844,0.554979452697,-1.56165071589,0.604310867957,-13.1339940718,-0.503125523316,1.28000111163,0.966900514047
4.234068,0.557860793589,-1.54948350329,0.613193239321,-12.651084548,-0.500290527993,1.2798671092,0.969829808728
4.246293,0.560678345589,-1.53778988133,0.621861926822,-12.1791280488,-0.497083977514,1.2797290746,0.972563919665
4.258517,0.563434880737,-1.5265524207,0.630313205446,-11.7182448172,-0.493456124176,1.27958785171,0.975110807159
4.270741,0.566133237828,-1.51575102368,0.63854888076,-11.2683965897,-0.489376810325,1.27944445446,0.977478331088
4.282966,0.568776217978,-1.5053631966,0.64657513876,-10.8294129427,-0.484834852293,1.27930003276,0.979674310787
4.295190,0.571366490154,-1.49536420653,0.654401400886,-10.4010225605,-0.479836789086,1.27915582752,0.98170656526
4.307415,0.573906511253,-1.48572714723,0.662039239927,-9.98288585937,-0.474405106961,1.27901311734,0.983582919077
4.319639,0.57639846365,-1.47642295724,0.669501391306,-9.57462569852,-0.468576058106,1.27887316012,0.985311163794
4.331864,0.578844211212,-1.46742044676,0.676800877204,-9.17585374912,-0.462397194268,1.27873713268,0.986898970611
4.344088,0.581245272782,-1.45868639716,0.683950249322,-8.78619126806,-0.455924736622,1.27860607189,0.988353756899
4.356313,0.583602810267,-1.45018579581,0.690960949324,-8.4052842871,-0.449220902137,1.27848082049,0.989682516773
4.368537,0.585917627174,-1.44188225756,0.697842782841,-8.03281431105,-0.442351303026,1.2783619808,0.990891633046
4.380762,0.588190172799,-1.43373866257,0.704603501932,-7.66850631024,-0.435382527229,1.27824987943,0.991986693516
4.392986,0.590420547637,-1.4257180097,0.711248490948,-7.31213596476,-0.428379991574,1.27814454561,0.992972337186
4.405210,0.592608506894,-1.41778444912,0.717780551206,-6.96353775911,-0.421406134117,1.27804570525,0.993852154822
4.417435,0.594753461087,-1.40990442227,0.72419978044,-6.622614735,-0.414518979114,1.27795279182,0.994628662709
4.429659,0.596854475065,-1.4020478082,0.730503543795,-6.28934967682,-0.407771071165,1.27786497371,0.995303359234
4.441884,0.598910269004,-1.39418895915,0.736686533837,-5.96381646753,-0.40120874044,1.27778119655,0.995876862405
4.454108,0.600919226197,-1.38630750858,0.742740917624,-5.64618954932,-0.394871635556,1.27770023749,0.99634911481
4.466333,0.602879412529,-1.37838885432,0.748656568695,-5.33674903982,-0.388792450535,1.27762076712,0.996719633157
4.478557,0.604788611178,-1.37042425559,0.754421380458,-5.03587918592,-0.38299677988,1.27754141475,0.996987774396
4.490782,0.606644373544,-1.36241053043,0.760021654569,-4.74405847099,-0.377503059669,1.27746083231,0.997152990681
4.503006,0.608444084323,-1.35434939166,0.765442553535,-4.46184071007,-0.372322586654,1.27737775324,0.997215050985
4.515230,0.610185035667,-1.34624650584,0.770668601495,-4.1898276773,-0.367459642618,1.27729104372,0.997174216748
4.527455,0.611864503379,-1.33811039274,0.77568421173,-3.92863498287,-0.362911777943,1.27719974498,0.997031370289
4.539679,0.613479817591,-1.32995129749,0.780474215202,-3.67885383823,-0.358670318169,1.27710310673,0.996788105098
4.551904,0.615028421534,-1.32178016097,0.785024362276,-3.44101186238,-0.354721146338,1.27700061231,0.996446794131
4.564128,0.616507914666,-1.31360778994,0.78932177062,-3.21553611762,-0.3510457829,1.27689199685,0.996010653943
4.576353,0.617916079848,-1.30544429089,0.793355296396,-3.0027211417,-0.347622740028,1.27677725922,0.995483818586
4.588577,0.619250897785,-1.29729878975,0.797115812934,-2.80270397211,-0.344429077846,1.27665666795,0.994871428357
4.600802,0.620510554573,-1.28917942058,0.800596390357,-2.61544719377,-0.341442047096,1.27653076046,0.994179726796
4.613026,0.621693449469,-1.28109353682,0.803792379682,-2.4407300658,-0.338640675703,1.2764003344,0.99341614768
4.625251,0.622798209592,-1.27304808253,0.806701414478,-2.27814695683,-0.33600715158,1.27626642907,0.992589365089
4.637475,0.623823716283,-1.26505005848,0.809323350535,-2.12711176258,-0.333527872248,1.27613029558,0.991709276359
4.649699,0.624769144863,-1.25710702694,0.811660168271,-1.98686675213,-0.331194070106,1.27599335478,0.990786891329
4.661924,0.625634016153,-1.24922761434,0.813715862854,-1.85649438622,-0.329001973397,1.27585714342,0.989834111547
4.674148,0.62641825509,-1.24142198835,0.815496343389,-1.73493101084,-0.326952517996,1.27572325036,0.988863398498
4.686373,0.627122249635,-1.23370229975,0.817009355345,-1.62098185037,-0.325050674871,1.27559324656,0.987887347631
4.698597,0.627746902353,-1.22608308685,0.818264430973,-1.51333728417,-0.323304495213,1.27546861346,0.986918201655
4.710822,0.628293667428,-1.21858164045,0.819272862161,-1.41059086785,-0.321723995256,1.27535067521,0.985967348929
4.723046,0.628764567452,-1.21121831965,0.820047680834,-1.31125985141,-0.320320004838,1.27524054048,0.985044858326
4.735271,0.629162186554,-1.20401679769,0.820603625127,-1.21380898703,-0.319103089923,1.27513905848,0.984159099533
4.747495,0.62948963896,-1.19700420396,0.820957066642,-1.11667818676,-0.31808263411,1.27504679286,0.983316487769
4.759719,0.629750514506,-1.19021111804,0.82112587564,-1.0183141177,-0.317266133048,1.27496401514,0.982521376092
4.771944,0.629948804575,-1.18367136704,0.821129207276,-0.917205185743,-0.316658724078,1.27489071771,0.981776099744
4.784168,0.630088813316,-1.17742158092,0.82098720201,-0.811918675206,-0.316262945526,1.27482664442,0.981081158385
4.796393,0.630175059725,-1.171500473,0.820720605859,-0.701138214694,-0.316078698558,1.27477133555,0.980435506748
4.808617,0.630212176387,-1.16594783396,0.820350329144,-0.583699358055,-0.316103370247,1.27472418284,0.979836914147
4.820842,0.630204810296,-1.16080325585,0.819896973895,-0.458621003163,-0.316332069031,1.27468448996,0.979282349678
4.833066,0.63015753066,-1.15610463428,0.819380368053,-0.325130665996,-0.316757921986,1.27465153389,0.978768352439
4.845291,0.630074747662,-1.15188652897,0.818819147736,-0.182682261239,-0.317372385708,1.27462462314,0.978291353811
4.857515,0.629960645257,-1.14817848927,0.818230426282,-0.0309659208155,-0.318165528367,1.27460314949,0.977847929638
4.869739,0.629819129984,-1.1450034696,0.817629580815,0.130089643055,-0.319126248832,1.27458663083,0.97743497221
4.881964,0.629653796704,-1.14237646425,0.817030174599,0.300320838357,-0.320242409741,1.27457474354,0.977049783169
4.894188,0.62946791106,-1.14030348148,0.816444018185,0.479336953022,-0.321500874723,1.2745673435,0.976690097451
4.906413,0.629264407386,-1.13878095175,0.815881356317,0.666529773061,-0.322887455301,1.27456447552,0.97635405422
4.918637,0.629045899846,-1.13779562675,0.815351153027,0.861083146807,-0.324386788962,1.27456637113,0.976040133305
4.930862,0.628814703828,-1.13732497968,0.814861436122,1.06198133088,-0.325982184769,1.27457343515,0.975747075111
4.943086,0.628572864144,-1.13733806719,0.814419655892,1.2680160371,-0.327655484016,1.27458622129,0.975473799222
4.955311,0.628322186428,-1.13779676895,0.814033011934,1.47779331373,-0.329386988617,1.27460539741,0.975219332676
4.967535,0.628064268398,-1.13865728587,0.813708706646,1.68974248871,-0.331155507152,1.27463170084,0.974982754213
4.979760,0.627800528174,-1.13987176017,0.813454093272,1.90213012658,-0.332938557266,1.27466588509,0.974763156414
4.991984,0.627532227725,-1.14138988138,0.813276699216,2.11308210827,-0.334712744338,1.27470865933,0.97455962411
5.004208,0.627260490455,-1.14316036161,0.813184119948,2.32061643067,-0.336454312381,1.27476062323,0.974371225137
5.016433,0.626986312913,-1.14513219843,0.81318379351,2.52268816313,-0.33813983777,1.27482220053,0.974197008484
5.028657,0.626710571419,-1.14725568722,0.81328267861,2.71724633825,-0.339747013661,1.27489357586,0.974036005045
5.040882,0.626434024924,-1.14948318956,0.813486869393,2.90230064888,-0.341255456861,1.27497463988,0.973887227271
5.053106,0.626157315651,-1.15176970177,0.813801186154,3.07599398839,-0.342647462222,1.27506494847,0.97374966566
5.065331,0.625880968912,-1.15407329136,0.814228783186,3.23667542862,-0.343908633632,1.27516370086,0.973622281944
5.077555,0.625605393186,-1.15635547535,0.814770812732,3.38296744525,-0.345028334728,1.27526974105,0.97350400052
5.089780,0.625330880983,-1.15858160201,0.815426178125,3.51382123337,-0.345999924259,1.27538158458,0.973393701038
5.102004,0.62505761056,-1.16072127095,0.816191400519,3.62855483106,-0.346820766881,1.27549747056,0.973290215693
5.114228,0.624785648204,-1.1627487913,0.817060613147,3.72687036934,-0.347492035887,1.2756154362,0.973192334752
5.126453,0.624514950648,-1.16464364239,0.818025685825,3.80884886102,-0.348018345909,1.27573340829,0.973098823062
5.138677,0.624245367374,-1.16639087317,0.819076471544,3.87492322513,-0.348407267779,1.27584930452,0.973008448906
5.150902,0.623976642969,-1.16798136284,0.820201157273,3.92583239688,-0.34866878279,1.27596113592,0.972920024809
5.163126,0.623708420235,-1.16941186734,0.821386693315,3.96256111506,-0.34881472943,1.2760671018,0.972832457916
5.175351,0.623440245381,-1.17068479545,0.822619270268,3.9862711088,-0.348858283805,1.27616566956,0.972744805827
5.187575,0.623171577038,-1.17180768911,0.823884810202,3.99822982836,-0.348813498138,1.27625563336,0.972656332342
5.199800,0.622901801058,-1.17279242038,0.825169439222,3.99974259154,-0.34869490345,1.2763361481,0.972566556832
5.212024,0.622630252828,-1.17365415378,0.826459912145,3.99209315094,-0.348517166253,1.27640673813,0.972475290971
5.224248,0.622356248296,-1.17441015248,0.827743966239,3.97649638938,-0.348294777864,1.27646728198,0.972382657378
5.236473,0.622079123942,-1.1750785247,0.829010589231,3.95406531605,-0.348041750634,1.27651797708,0.972289086265
5.248697,0.621798284783,-1.17567701102,0.830250196206,3.92579295181,-0.34777129861,1.27655928945,0.972195288328
5.260922,0.621513258257,-1.1762219047,0.831454719494,3.89254822855,-0.347495490084,1.27659189398,0.972102204501
5.273146,0.621223750713,-1.17672717897,0.832617623739,3.85508381077,-0.347224874088,1.27661661119,0.972010935696
5.285371,0.620929702361,-1.17720387023,0.833733864043,3.814052867,-0.346968099325,1.27663434539,0.971922657817
5.297595,0.620631336104,-1.17765974032,0.834799807304,3.77003131855,-0.346731559063,1.27664602852,0.971838529027
5.309820,0.620329195717,-1.17809921632,0.835813135306,3.72354198039,-0.346519106068,1.27665257266,0.971759597209
5.322044,0.620024169335,-1.17852358623,0.836772743077,3.67507725864,-0.346331885414,1.27665483301,0.971686715714
5.334269,0.619717495211,-1.17893141417,0.83767863852,3.62511762491,-0.346168328634,1.27665358216,0.971620474808
5.346493,0.619410747934,-1.17931912903,0.838531841048,3.57414387165,-0.346024340138,1.27664949552,0.971561154768
5.358717,0.61910580481,-1.17968173519,0.839334269762,3.52264206859,-0.345893687448,1.27664314683,0.971508704549
5.370942,0.618804793572,-1.18001359202,0.84008860756,3.47110108502,-0.345768583067,1.27663501228,0.971462747491
5.383166,0.618510023998,-1.18030920869,0.840798127685,3.42000341441,-0.345640420938,1.27662548136,0.971422613004
5.395391,0.618223907172,-1.18056400227,0.841466474078,3.36981075023,-0.345500608202,1.2766148721,0.971387390707
5.407615,0.617948866977,-1.1807749698,0.842097395831,3.32094625126,-0.345341416726,1.27660344862,0.971356001541
5.419840,0.617687248894,-1.18094122909,0.84269444745,3.27377567012,-0.345156771339,1.27659143867,0.971327278894
5.432064,0.617441231313,-1.18106438933,0.843260678088,3.22858950146,-0.344942894491,1.27657904936,0.971300052159
5.444289,0.617212744265,-1.18114872107,0.843798341995,3.18558806753,-0.344698740104,1.27656647956,0.971273225253
5.456513,0.617003399957,-1.18120110659,0.844308666685,3.14487105337,-0.344426171332,1.27655392802,0.971245843521
5.468737,0.616814438569,-1.18123076598,0.844791713594,3.10643249605,-0.344129864843,1.27654159689,0.971217143985
5.480962,0.616646691751,-1.18124877002,0.845246357831,3.07016169005,-0.343816954507,1.27652969071,0.971186585876
5.493186,0.616500565023,-1.18126736835,0.845670400107,3.03584995005,-0.343496455781,1.27651841173,0.971153860544
5.505411,0.616376039036,-1.18129917743,0.846060807124,3.00320271812,-0.343178534916,1.27650795254,0.971118881942
5.517635,0.616272688451,-1.18135628709,0.846414059287,2.97185613891,-0.342873701459,1.27649848735,0.971081760704
5.529860,0.616189716084,-1.18144935417,0.846726569449,2.94139696608,-0.34259200676,1.27649016325,0.971042766112
5.542084,0.616125999137,-1.18158675603,0.846995125987,2.91138450451,-0.342342325352,1.27648309257,0.971002281009
5.554309,0.616080143746,-1.18177387474,0.847217309464,2.88137322787,-0.342131781473,1.27647734738,0.970960754786
5.566533,0.616050543863,-1.18201257394,0.847391835011,2.85093473018,-0.341965362245,1.27647295641,0.970918659106
5.578758,0.616035440643,-1.18230091584,0.847518781821,2.81967776312,-0.341845735404,1.27646990494,0.970876450097
5.590982,0.616032979005,-1.18263314661,0.847599685292,2.78726527056,-0.341773266233,1.27646813713,0.970834539558
5.603206,0.616041258843,-1.18299995694,0.84763748419,2.75342755078,-0.34174620851,1.27646756064,0.97079327637
5.615431,0.616058379348,-1.18338900211,0.847636332379,2.71797094828,-0.341761029948,1.27646805287,0.970752938044
5.627655,0.616082475956,-1.18378564586,0.847601299854,2.68078178908,-0.34181282477,1.27646946813,0.970713731249
5.639880,0.616111750443,-1.18417387495,0.847537999228,2.64182561152,-0.341895764873,1.27647164529,0.970675799346
5.652104,0.616144495408,-1.18453731916,0.847452180273,2.60114208519,-0.342003545419,1.27647441525,0.970639234464
5.664329,0.616179114864,-1.1848603042,0.84734933619,2.55883632887,-0.342129789285,1.27647760793,0.970604091507
5.676553,0.616214142657,-1.18512886306,0.847234361338,2.51506760181,-0.342268385623,1.27648105842,0.970570401613
5.688778,0.616248260111,-1.18533163479,0.847111291931,2.47003652389,-0.342413749158,1.27648461214,0.970538183008
5.701002,0.61628031362,-1.18546058702,0.846983150275,2.42397205303,-0.342560997201,1.27648812892,0.970507447771
5.713226,0.616309332008,-1.18551151121,0.846851900652,2.37711939905,-0.342706049656,1.27649148592,0.970478203783
5.725451,0.616334542607,-1.18548425437,0.846718512758,2.32972987923,-0.342845663016,1.27649457941,0.97045045188
5.737675,0.616355384208,-1.18538267006,0.846583117739,2.2820534371,-0.342977412367,1.27649732549,0.970424179007
5.749900,0.6163715146,-1.18521429169,0.846445233536,2.23433418078,-0.343099636159,1.27649965982,0.970399348809
5.762124,0.616382810368,-1.18498975269,0.846304030959,2.18680889363,-0.343211357353,1.27650153661,0.970375891564
5.774349,0.616389357063,-1.18472199833,0.846158609949,2.13970807769,-0.343312192333,1.27650292689,0.97035369562
5.786573,0.616391428699,-1.18442535199,0.846008256768,2.09325876106,-0.343402256191,1.27650381658,0.97033260241
5.798798,0.616389456734,-1.18411451132,0.84585265688,2.04768807874,-0.343482070228,1.27650420434,0.970312406774
5.811022,0.616383989986,-1.18380355552,0.845692044459,2.00322655358,-0.343552475166,1.27650409961,0.970292863685
5.823246,0.616375648215,-1.1835050434,0.845527277011,1.96011007286,-0.343614551785,1.27650352091,0.970273701625
5.835471,0.616365073076,-1.18322927159,0.845359831684,1.91857976601,-0.343669549575,1.27650249448,0.97025464188
5.847695,0.616352880727,-1.18298374486,0.845191727726,1.87887931168,-0.343718823451,1.27650105322,0.970235422137
5.859920,0.616339620368,-1.18277288805,0.845025386541,1.84124958973,-0.343763778404,1.27649923572,0.970215821966
5.872144,0.616325742488,-1.1825980039,0.844863446297,1.80592099144,-0.343805822036,1.27649708525,0.970195687322
5.884369,0.61631157952,-1.18245745702,0.844708551764,1.77310405265,-0.343846324959,1.27649464827,0.970174951062
5.896593,0.616297340234,-1.18234704388,0.844563141635,1.74297933105,-0.343886588964,1.27649197243,0.970153646764
5.908818,0.616283117622,-1.18226049462,0.844429255064,1.71568757871,-0.343927822516,1.27648910372,0.970131913783
5.921042,0.616268908489,-1.18219004659,0.844308376596,1.69132125026,-0.343971122668,1.27648608273,0.970109992368
5.933267,0.616254641698,-1.18212703115,0.844201334324,1.6699182442,-0.344017461814,1.27648294029,0.970088208753
5.945491,0.616240211128,-1.18206242384,0.844108260449,1.6514585261,-0.344067677261,1.27647969245,0.97006695121
5.957715,0.616225509063,-1.18198732191,0.844028616916,1.63586396673,-0.344122461354,1.27647633545,0.970046639009
5.969940,0.616210455921,-1.181893329,0.843961282147,1.62300139236,-0.344182350237,1.27647284085,0.970027686998
5.982164,0.616195022927,-1.18177284254,0.843904688653,1.61268853174,-0.34424771021,1.27646915152,0.970010468938
5.994389,0.616179245431,-1.18161925266,0.843856996232,1.60470229269,-0.344318722172,1.27646517871,0.969995282913
6.006613,0.616163225902,-1.1814270701,0.843816281957,1.59878863416,-0.344395366527,1.27646080066,0.969982321931
6.018838,0.616147127007,-1.18119200475,0.843780726702,1.59467322765,-0.344477412911,1.27645586285,0.969971652439
6.031062,0.616131156441,-1.18091101512,0.843748778646,1.59207212137,-0.34456442069,1.27645018007,0.969963202769
6.043287,0.616115546124,-1.180582344,0.843719277009,1.59070171462,-0.344655757018,1.27644354019,0.969956762804
6.055511,0.616100528976,-1.18020554822,0.843691523884,1.59028749834,-0.344750638779,1.27643570934,0.969951995155
6.067735,0.616086316578,-1.17978152175,0.843665297935,1.59057119266,-0.344848202874,1.27642643842,0.969948457264
6.079960,0.616073080718,-1.17931250413,0.843640810302,1.59131609199,-0.344947605999,1.27641547032,0.969945632862
6.092184,0.616060941097,-1.17880206137,0.843618609513,1.59231059133,-0.345048150503,1.27640254771,0.969942970387
6.104409,0.616049960513,-1.17825502479,0.843599447931,1.59337000306,-0.34514942791,1.27638742078,0.969939925225
6.116633,0.616040147691,-1.17767737581,0.843584126418,1.5943368731,-0.345251466853,1.27636985471,0.969936002159
6.128858,0.616031466879,-1.17707607053,0.843573336085,1.59508006979,-0.345354868766,1.27634963642,0.969930794269
6.141082,0.616023852384,-1.17645880629,0.84356751575,1.59549294973,-0.345460913577,1.27632658032,0.969924014731
6.153307,0.616017225663,-1.17583374195,0.843566740948,1.59549090757,-0.345571619588,1.2763005327,0.969915518659
6.165531,0.616011512422,-1.1752091917,0.843570655426,1.59500859574,-0.345689746816,1.27627137473,0.969905313256
6.177756,0.616006657419,-1.17459331746,0.843578449696,1.59399706142,-0.34581874056,1.27623902387,0.969893555896
6.189980,0.616002635303,-1.17399384592,0.843588884544,1.59242099626,-0.34596262033,1.27620343371,0.969880541215
6.202204,0.615999456661,-1.17341783236,0.843600351699,1.59025623618,-0.346125826731,1.2761645925,0.969866679507
6.214429,0.615997169272,-1.17287148629,0.843610960111,1.58748759071,-0.346313043736,1.27612252045,0.969852469485
6.226653,0.615995855259,-1.17236006485,0.843618634941,1.58410703001,-0.346529015203,1.27607726631,0.969838468696
6.238878,0.615995625274,-1.1718878314,0.843621217371,1.58011221785,-0.346778372594,1.27602890334,0.969825264534
6.251102,0.61599661096,-1.17145807011,0.843616555829,1.57550535285,-0.347065486646,1.27597752521,0.969813448155
6.263327,0.61599895684,-1.17107314347,0.843602582596,1.57029226726,-0.347394350484,1.27592324193,0.969803592708
6.275551,0.616002812552,-1.17073457897,0.843577372925,1.56448172983,-0.347768496695,1.27586617602,0.969796236524
6.287776,0.616008326021,-1.17044317181,0.843539186442,1.55808490425,-0.348190946896,1.27580645918,0.969791871221
6.300000,0.6160156379,-1.17019909314,0.843486492429,1.55111492229,-0.348664189712,1.2757442293,0.969790934251
