time,position_left_x,position_left_y,position_left_z,orientation_left_x,orientation_left_y,orientation_left_z,orientation_left_w,position_right_x,position_right_y,position_right_z,orientation_right_x,orientation_right_y,orientation_right_z,orientation_right_w,
4.525387,0.750594035669,0.44452795664,0.208715358903,0.10133871974,0.989124859363,0.105515988684,0.0151278750373,0.638984194849,-0.527934704969,0.159667492025,-0.0750393128824,0.995722717036,-0.0233967532783,0.0485588739258
4.525557,0.750594035669,0.44452795664,0.208715358903,0.10133871974,0.989124859363,0.105515988684,0.0151278750373,0.638984194849,-0.527934704969,0.159667492025,-0.0750393128824,0.995722717036,-0.0233967532783,0.0485588739258
4.535687,0.750520363534,0.443851582713,0.208306687608,0.102058484832,0.989081238441,0.105274022921,0.0148239514453,0.63856584014,-0.527582954561,0.159661919155,-0.0751950498179,0.995744979209,-0.0231525446819,0.0479749990904
4.545696,0.750520363534,0.443851582713,0.208306687608,0.102058484832,0.989081238441,0.105274022921,0.0148239514453,0.63856584014,-0.527582954561,0.159661919155,-0.0751950498179,0.995744979209,-0.0231525446819,0.0479749990904
4.555900,0.750520363534,0.443851582713,0.208306687608,0.102058484832,0.989081238441,0.105274022921,0.0148239514453,0.63856584014,-0.527582954561,0.159661919155,-0.0751950498179,0.995744979209,-0.0231525446819,0.0479749990904
4.566478,0.75066927583,0.44494582158,0.2088944052,0.101208743811,0.989111205861,0.105754974903,0.0152216260578,0.638423369945,-0.527676214709,0.159628569043,-0.075576454601,0.995717859526,-0.0234941193517,0.0477720638777
4.575708,0.750841142007,0.443981346232,0.209085580923,0.101695419496,0.989084613546,0.105516526781,0.0153600610882,0.638114849354,-0.528207313435,0.158990428057,-0.0747442920269,0.995798400493,-0.0232588394565,0.0475169735168
4.585676,0.750637035151,0.443805786449,0.208721629144,0.101874694398,0.989086157275,0.105375900104,0.0150346202164,0.638455429795,-0.527713893915,0.159652343418,-0.0756444594608,0.99571136788,-0.023747492705,0.0476743559801
4.595683,0.750637035151,0.443805786449,0.208721629144,0.101874694398,0.989086157275,0.105375900104,0.0150346202164,0.638455429795,-0.527713893915,0.159652343418,-0.0756444594608,0.99571136788,-0.023747492705,0.0476743559801
4.605804,0.751106006119,0.443886163439,0.208902870567,0.101734914421,0.989072204169,0.105560244153,0.0155954153997,0.6383752652,-0.527578314572,0.159385042089,-0.0756021311631,0.995727139603,-0.023359613311,0.0476036730566
4.615722,0.751106006119,0.443886163439,0.208902870567,0.101734914421,0.989072204169,0.105560244153,0.0155954153997,0.6383752652,-0.527578314572,0.159385042089,-0.0756021311631,0.995727139603,-0.023359613311,0.0476036730566
4.625932,0.750304500769,0.443700826703,0.207896607292,0.101829924705,0.989135049695,0.105029230376,0.0145389362119,0.638179174239,-0.527723730164,0.159302251338,-0.0751031507324,0.995774065233,-0.0230669684525,0.0475546288563
4.635718,0.750304500769,0.443700826703,0.207896607292,0.101829924705,0.989135049695,0.105029230376,0.0145389362119,0.638179174239,-0.527723730164,0.159302251338,-0.0751031507324,0.995774065233,-0.0230669684525,0.0475546288563
4.646405,0.750858886117,0.443997311287,0.208685213303,0.101782816576,0.98906281479,0.105665527451,0.0151592532471,0.638756572649,-0.52741719394,0.159671439599,-0.0753432739541,0.995727898407,-0.0234664094288,0.047944457784
4.656063,0.750644230226,0.44412103359,0.208560533424,0.102000838182,0.989032256354,0.105779083426,0.0148933008925,0.638491944741,-0.526993618009,0.1593797193,-0.0757829776609,0.995707121901,-0.0230720568627,0.0478742925231
4.665674,0.75045405927,0.443871687649,0.20813207099,0.102546852965,0.988999155596,0.105614754006,0.0145029967286,0.63790026123,-0.528246549947,0.159319499019,-0.074748217538,0.995809551313,-0.0232095708907,0.0473007114923
4.675741,0.75045405927,0.443871687649,0.20813207099,0.102546852965,0.988999155596,0.105614754006,0.0145029967286,0.63790026123,-0.528246549947,0.159319499019,-0.074748217538,0.995809551313,-0.0232095708907,0.0473007114923
4.685683,0.75045405927,0.443871687649,0.20813207099,0.102167569008,0.989038409095,0.105609184411,0.014543498412,0.638532634409,-0.527291418221,0.159317358889,-0.0749147198762,0.995778592487,-0.0230466474968,0.0477664268009
4.695696,0.75045405927,0.443871687649,0.20813207099,0.102167569008,0.989038409095,0.105609184411,0.014543498412,0.638532634409,-0.527291418221,0.159317358889,-0.0749147198762,0.995778592487,-0.0230466474968,0.0477664268009
4.705692,0.750778632696,0.443822439679,0.208680320017,0.101803845474,0.989118946129,0.105097324236,0.0153048976885,0.638555914038,-0.528080823092,0.159190726331,-0.0749458931358,0.995755968045,-0.0234735352592,0.0479808122831
4.715696,0.750778632696,0.443822439679,0.208680320017,0.101803845474,0.989118946129,0.105097324236,0.0153048976885,0.638555914038,-0.528080823092,0.159190726331,-0.0749458931358,0.995755968045,-0.0234735352592,0.0479808122831
4.725694,0.750778632696,0.443822439679,0.208680320017,0.101803845474,0.989118946129,0.105097324236,0.0153048976885,0.638555914038,-0.528080823092,0.159190726331,-0.0749458931358,0.995755968045,-0.0234735352592,0.0479808122831
4.735693,0.750280029328,0.444073888909,0.208200243975,0.101312455112,0.989156823121,0.10530413312,0.0146835029946,0.638426153673,-0.527578635241,0.159399114979,-0.0750959771327,0.995746550551,-0.0232709753424,0.0480402226377
4.745832,0.750224927716,0.444110739238,0.208014589406,0.101654801125,0.989146054529,0.105107099446,0.0144527458752,0.638993822958,-0.526965841017,0.159328763221,-0.0758803547923,0.995684289293,-0.0230272051777,0.0482153049654
4.755741,0.750224927716,0.444110739238,0.208014589406,0.101654801125,0.989146054529,0.105107099446,0.0144527458752,0.638993822958,-0.526965841017,0.159328763221,-0.0758803547923,0.995684289293,-0.0230272051777,0.0482153049654
4.765691,0.750224927716,0.444110739238,0.208014589406,0.101654801125,0.989146054529,0.105107099446,0.0144527458752,0.638993822958,-0.526965841017,0.159328763221,-0.0758803547923,0.995684289293,-0.0230272051777,0.0482153049654
4.775676,0.750625120762,0.443449478669,0.208280064087,0.10182468171,0.989122771753,0.105092138901,0.0149505496987,0.638139073233,-0.52790420183,0.159191712037,-0.0751425930846,0.995764800425,-0.0233760532571,0.047535387588
4.785691,0.750625120762,0.443449478669,0.208280064087,0.10182468171,0.989122771753,0.105092138901,0.0149505496987,0.638139073233,-0.52790420183,0.159191712037,-0.0751425930846,0.995764800425,-0.0233760532571,0.047535387588
4.795704,0.750625120762,0.443449478669,0.208280064087,0.10182468171,0.989122771753,0.105092138901,0.0149505496987,0.638139073233,-0.52790420183,0.159191712037,-0.0751425930846,0.995764800425,-0.0233760532571,0.047535387588
4.805696,0.750625120762,0.443449478669,0.208280064087,0.10182468171,0.989122771753,0.105092138901,0.0149505496987,0.638139073233,-0.52790420183,0.159191712037,-0.0751425930846,0.995764800425,-0.0233760532571,0.047535387588
4.815702,0.750650378166,0.443457439754,0.208371479321,0.101984734958,0.989116704663,0.104996857614,0.0149304482238,0.63912405964,-0.527349386281,0.159684242505,-0.0749395998591,0.995729875019,-0.0233718111774,0.0485780898089
4.825691,0.750710389496,0.444101045627,0.208735194781,0.102271158286,0.989035857382,0.105449825123,0.0151333201111,0.638855291426,-0.527659041551,0.159526978983,-0.0754556883286,0.995704494366,-0.0236382512287,0.0481687873683
4.835681,0.750710389496,0.444101045627,0.208735194781,0.102271158286,0.989035857382,0.105449825123,0.0151333201111,0.638855291426,-0.527659041551,0.159526978983,-0.0754556883286,0.995704494366,-0.0236382512287,0.0481687873683
4.845653,0.750376377275,0.443712530075,0.208182897511,0.102086847005,0.989070174286,0.105379045425,0.0146192610206,0.637778840478,-0.528623088363,0.159025846641,-0.0748293651808,0.995793332563,-0.0234122251891,0.0474138443977
4.855691,0.750376377275,0.443712530075,0.208182897511,0.102086847005,0.989070174286,0.105379045425,0.0146192610206,0.637778840478,-0.528623088363,0.159025846641,-0.0748293651808,0.995793332563,-0.0234122251891,0.0474138443977
4.866079,0.750735957808,0.444002321416,0.20871701987,0.102286852457,0.98902723487,0.105518959612,0.0151088603924,0.637673339478,-0.527936436666,0.158872042009,-0.0746412069069,0.995829124552,-0.0231114255997,0.0471052750039
4.875644,0.750472378255,0.44399976165,0.20823195673,0.101417214424,0.989175119355,0.104999289707,0.014909092159,0.638597064544,-0.528008765518,0.159516592394,-0.0753363959858,0.995720283833,-0.0237973859722,0.0479502682341
4.885690,0.750472378255,0.44399976165,0.20823195673,0.101417214424,0.989175119355,0.104999289707,0.014909092159,0.638597064544,-0.528008765518,0.159516592394,-0.0753363959858,0.995720283833,-0.0237973859722,0.0479502682341
4.895697,0.750472378255,0.44399976165,0.20823195673,0.101417214424,0.989175119355,0.104999289707,0.014909092159,0.638597064544,-0.528008765518,0.159516592394,-0.0753363959858,0.995720283833,-0.0237973859722,0.0479502682341
4.905715,0.750472378255,0.44399976165,0.20823195673,0.101417214424,0.989175119355,0.104999289707,0.014909092159,0.638597064544,-0.528008765518,0.159516592394,-0.0753363959858,0.995720283833,-0.0237973859722,0.0479502682341
4.915689,0.750735957808,0.444002321416,0.20871701987,0.101717904773,0.989085911005,0.105510250891,0.0151695569105,0.638163140661,-0.528249424775,0.159487166177,-0.0747293241161,0.995784659207,-0.0232835626658,0.0478154401371
4.925692,0.750892924666,0.443858007301,0.208657678063,0.101738813898,0.989084843634,0.105492150099,0.0152247202593,0.63832030582,-0.52789625635,0.159628464827,-0.0753855092835,0.995732337518,-0.0235029476895,0.0477676507881
4.935708,0.750892924666,0.443858007301,0.208657678063,0.101738813898,0.989084843634,0.105492150099,0.0152247202593,0.63832030582,-0.52789625635,0.159628464827,-0.0753855092835,0.995732337518,-0.0235029476895,0.0477676507881
4.945707,0.750892924666,0.443858007301,0.208657678063,0.101738813898,0.989084843634,0.105492150099,0.0152247202593,0.63832030582,-0.52789625635,0.159628464827,-0.0753855092835,0.995732337518,-0.0235029476895,0.0477676507881
4.955723,0.750892924666,0.443858007301,0.208657678063,0.101738813898,0.989084843634,0.105492150099,0.0152247202593,0.63832030582,-0.52789625635,0.159628464827,-0.0753855092835,0.995732337518,-0.0235029476895,0.0477676507881
4.965710,0.750892924666,0.443858007301,0.208657678063,0.101738813898,0.989084843634,0.105492150099,0.0152247202593,0.63832030582,-0.52789625635,0.159628464827,-0.0753855092835,0.995732337518,-0.0235029476895,0.0477676507881
4.975702,0.750670855241,0.444412745118,0.208378797626,0.101541971856,0.989119137757,0.105396333269,0.0149723815203,0.638567136178,-0.527084237531,0.159412154869,-0.075812616432,0.995704029363,-0.0232218397649,0.0478192352319
4.985723,0.750670855241,0.444412745118,0.208378797626,0.101541971856,0.989119137757,0.105396333269,0.0149723815203,0.638567136178,-0.527084237531,0.159412154869,-0.075812616432,0.995704029363,-0.0232218397649,0.0478192352319
4.995692,0.751192481886,0.44339730251,0.208718648459,0.102077069997,0.989061490936,0.105351989307,0.015446594365,0.63846854196,-0.526989705648,0.15925609298,-0.0759176042542,0.99570851238,-0.0229783926244,0.04767671561
5.005688,0.751030607205,0.443849550879,0.209119074276,0.102076122755,0.98904291138,0.105509749726,0.0155652602182,0.638564601949,-0.527555504611,0.159355188978,-0.0747983518528,0.995782610177,-0.0229071735397,0.0479318394056
5.015700,0.750703409733,0.444425351951,0.208471611102,0.101522419183,0.989117644257,0.105401951867,0.0151628745913,0.637969232806,-0.528001346022,0.159268780191,-0.0753225482499,0.995759771926,-0.0238725724837,0.0471072247325
5.025762,0.750726579291,0.443768487921,0.208440715106,0.101900221674,0.989081163754,0.10540302966,0.014999922301,0.638701794483,-0.527208931964,0.159358404771,-0.0757296855903,0.995701030895,-0.0234518361702,0.0479007638257
5.035688,0.750726579291,0.443768487921,0.208440715106,0.101900221674,0.989081163754,0.10540302966,0.014999922301,0.638701794483,-0.527208931964,0.159358404771,-0.0757296855903,0.995701030895,-0.0234518361702,0.0479007638257
5.045696,0.750726579291,0.443768487921,0.208440715106,0.101900221674,0.989081163754,0.10540302966,0.014999922301,0.638701794483,-0.527208931964,0.159358404771,-0.0757296855903,0.995701030895,-0.0234518361702,0.0479007638257
5.055688,0.750726579291,0.443768487921,0.208440715106,0.101900221674,0.989081163754,0.10540302966,0.014999922301,0.638701794483,-0.527208931964,0.159358404771,-0.0757296855903,0.995701030895,-0.0234518361702,0.0479007638257
5.066239,0.750726579291,0.443768487921,0.208440715106,0.101900221674,0.989081163754,0.10540302966,0.014999922301,0.638701794483,-0.527208931964,0.159358404771,-0.0757296855903,0.995701030895,-0.0234518361702,0.0479007638257
5.075716,0.750726579291,0.443768487921,0.208440715106,0.101900221674,0.989081163754,0.10540302966,0.014999922301,0.638701794483,-0.527208931964,0.159358404771,-0.0757296855903,0.995701030895,-0.0234518361702,0.0479007638257
5.085699,0.750726579291,0.443768487921,0.208440715106,0.101900221674,0.989081163754,0.10540302966,0.014999922301,0.638701794483,-0.527208931964,0.159358404771,-0.0757296855903,0.995701030895,-0.0234518361702,0.0479007638257
5.095741,0.750726579291,0.443768487921,0.208440715106,0.101900221674,0.989081163754,0.10540302966,0.014999922301,0.638701794483,-0.527208931964,0.159358404771,-0.0757296855903,0.995701030895,-0.0234518361702,0.0479007638257
5.106241,0.750726579291,0.443768487921,0.208440715106,0.101900221674,0.989081163754,0.10540302966,0.014999922301,0.638701794483,-0.527208931964,0.159358404771,-0.0757296855903,0.995701030895,-0.0234518361702,0.0479007638257
5.115704,0.75048402303,0.444356142373,0.208673480291,0.101656937482,0.989119069482,0.105286023533,0.0149728653455,0.638152197731,-0.528265252454,0.159087398543,-0.0753539638671,0.995747869335,-0.0234999989693,0.0474943248511
5.125811,0.75048402303,0.444356142373,0.208673480291,0.101656937482,0.989119069482,0.105286023533,0.0149728653455,0.638152197731,-0.528265252454,0.159087398543,-0.0753539638671,0.995747869335,-0.0234999989693,0.0474943248511
5.135668,0.75048402303,0.444356142373,0.208673480291,0.101656937482,0.989119069482,0.105286023533,0.0149728653455,0.638152197731,-0.528265252454,0.159087398543,-0.0753539638671,0.995747869335,-0.0234999989693,0.0474943248511
5.145784,0.75048402303,0.444356142373,0.208673480291,0.101656937482,0.989119069482,0.105286023533,0.0149728653455,0.638152197731,-0.528265252454,0.159087398543,-0.0753539638671,0.995747869335,-0.0234999989693,0.0474943248511
5.155710,0.75048402303,0.444356142373,0.208673480291,0.101656937482,0.989119069482,0.105286023533,0.0149728653455,0.638152197731,-0.528265252454,0.159087398543,-0.0753539638671,0.995747869335,-0.0234999989693,0.0474943248511
5.165692,0.75048402303,0.444356142373,0.208673480291,0.101656937482,0.989119069482,0.105286023533,0.0149728653455,0.638152197731,-0.528265252454,0.159087398543,-0.0753539638671,0.995747869335,-0.0234999989693,0.0474943248511
5.175652,0.750556844662,0.443834802762,0.208444549788,0.102246719012,0.989061757309,0.105277239088,0.0148037701335,0.638330531844,-0.528080014503,0.159372987388,-0.0748213841759,0.995783517365,-0.0234947295412,0.0475914351223
5.185713,0.750556844662,0.443834802762,0.208444549788,0.102246719012,0.989061757309,0.105277239088,0.0148037701335,0.638330531844,-0.528080014503,0.159372987388,-0.0748213841759,0.995783517365,-0.0234947295412,0.0475914351223
5.195693,0.750556844662,0.443834802762,0.208444549788,0.102246719012,0.989061757309,0.105277239088,0.0148037701335,0.638330531844,-0.528080014503,0.159372987388,-0.0748213841759,0.995783517365,-0.0234947295412,0.0475914351223
5.205780,0.750556844662,0.443834802762,0.208444549788,0.102246719012,0.989061757309,0.105277239088,0.0148037701335,0.638330531844,-0.528080014503,0.159372987388,-0.0748213841759,0.995783517365,-0.0234947295412,0.0475914351223
5.215727,0.750834379251,0.444305686322,0.208822037954,0.102274284375,0.989029579892,0.10548913419,0.0152480628772,0.638571500568,-0.527432768213,0.159468011288,-0.076101021157,0.995679868625,-0.0236522788824,0.0476529484733
5.225699,0.750875023454,0.443664717975,0.208390655159,0.102360094205,0.989010260821,0.105633162391,0.0149248151866,0.638279901708,-0.527661069288,0.159380286229,-0.0751460965134,0.995764594986,-0.0231843247948,0.0476279606389
5.235713,0.750927760805,0.443993080568,0.208915881319,0.10157213826,0.989080912669,0.105668404179,0.0153700124127,0.63845598195,-0.527025897783,0.159279192137,-0.0757988491404,0.995722493315,-0.0227962252463,0.0476611255642
5.245708,0.751049003589,0.443693881506,0.208442051535,0.102459264543,0.989022065078,0.105363017898,0.0153651670063,0.637896828873,-0.526751978681,0.158920153806,-0.0760799321821,0.995724087699,-0.0230680641586,0.047045185852
5.255691,0.751049003589,0.443693881506,0.208442051535,0.102459264543,0.989022065078,0.105363017898,0.0153651670063,0.637896828873,-0.526751978681,0.158920153806,-0.0760799321821,0.995724087699,-0.0230680641586,0.047045185852
5.265770,0.751025531839,0.443479494115,0.20877820527,0.102890768635,0.988958619866,0.105573309069,0.0151199978086,0.638789666622,-0.52712639792,0.159712439931,-0.075664573323,0.995701046865,-0.023277292415,0.0480880990805
5.275703,0.751025531839,0.443479494115,0.20877820527,0.102890768635,0.988958619866,0.105573309069,0.0151199978086,0.638789666622,-0.52712639792,0.159712439931,-0.075664573323,0.995701046865,-0.023277292415,0.0480880990805
5.285792,0.751025531839,0.443479494115,0.20877820527,0.102890768635,0.988958619866,0.105573309069,0.0151199978086,0.638789666622,-0.52712639792,0.159712439931,-0.075664573323,0.995701046865,-0.023277292415,0.0480880990805
5.295700,0.750422352349,0.443929490671,0.208596936164,0.101713355917,0.989094669884,0.105483724831,0.0148091536125,0.638788432677,-0.527099010734,0.159405796775,-0.0748859566957,0.995767697564,-0.0230134366254,0.0480538001829
5.306022,0.751048258752,0.443365003924,0.208704211696,0.102059999591,0.98907267623,0.105289768886,0.0152663743576,0.638662696113,-0.527375069677,0.159130677965,-0.0751554993692,0.995745054576,-0.0228777637259,0.0481668467823
5.315721,0.751048258752,0.443365003924,0.208704211696,0.102059999591,0.98907267623,0.105289768886,0.0152663743576,0.638662696113,-0.527375069677,0.159130677965,-0.0751554993692,0.995745054576,-0.0228777637259,0.0481668467823
5.325702,0.751048258752,0.443365003924,0.208704211696,0.102059999591,0.98907267623,0.105289768886,0.0152663743576,0.638662696113,-0.527375069677,0.159130677965,-0.0751554993692,0.995745054576,-0.0228777637259,0.0481668467823
5.335687,0.751044445787,0.443394367619,0.208659175117,0.102041879775,0.989071041649,0.105294893559,0.0154568669052,0.638018491668,-0.527833168191,0.15921877401,-0.0750151081449,0.995790705041,-0.0232477565418,0.04725618605
5.345769,0.750758426631,0.444388354333,0.208657496314,0.101369737985,0.989108771041,0.105601467565,0.0153735265783,0.638156051879,-0.528135526187,0.159316249378,-0.0747528477613,0.995791601226,-0.0235644759398,0.0474954119119
5.355850,0.750758426631,0.444388354333,0.208657496314,0.101369737985,0.989108771041,0.105601467565,0.0153735265783,0.638156051879,-0.528135526187,0.159316249378,-0.0747528477613,0.995791601226,-0.0235644759398,0.0474954119119
5.365763,0.750758426631,0.444388354333,0.208657496314,0.101369737985,0.989108771041,0.105601467565,0.0153735265783,0.638156051879,-0.528135526187,0.159316249378,-0.0747528477613,0.995791601226,-0.0235644759398,0.0474954119119
5.375711,0.750945362296,0.443508592367,0.208500981085,0.102314570339,0.989032442173,0.105460179078,0.0149902520129,0.638279047198,-0.527319860205,0.159208647699,-0.0754248217893,0.995743088994,-0.0233706944161,0.0475458475656
5.385763,0.750945362296,0.443508592367,0.208500981085,0.102314570339,0.989032442173,0.105460179078,0.0149902520129,0.638279047198,-0.527319860205,0.159208647699,-0.0754248217893,0.995743088994,-0.0233706944161,0.0475458475656
5.395766,0.750984657666,0.443739316371,0.208814423333,0.102214537699,0.989060156723,0.105235037726,0.0154201653763,0.638270778936,-0.527770791951,0.159078183618,-0.0750145737884,0.9957793652,-0.0231231657274,0.0475561643437
5.405677,0.75084934597,0.444687214229,0.208760984688,0.101157418169,0.989145544791,0.105465054059,0.0153424359889,0.638633315135,-0.527228608103,0.159395417516,-0.0751486254392,0.995754721753,-0.0231730249655,0.0478354378581
5.415682,0.75084934597,0.444687214229,0.208760984688,0.101157418169,0.989145544791,0.105465054059,0.0153424359889,0.638633315135,-0.527228608103,0.159395417516,-0.0751486254392,0.995754721753,-0.0231730249655,0.0478354378581
5.425692,0.750932170384,0.444292616267,0.208698832705,0.102179316239,0.989012511657,0.10573949302,0.0152577434218,0.638118775123,-0.526685238025,0.159005530175,-0.0758836074976,0.995737185465,-0.0225085617985,0.0473550445202
5.435691,0.750932170384,0.444292616267,0.208698832705,0.102179316239,0.989012511657,0.10573949302,0.0152577434218,0.638118775123,-0.526685238025,0.159005530175,-0.0758836074976,0.995737185465,-0.0225085617985,0.0473550445202
5.445670,0.751080480596,0.443984983766,0.208921108325,0.101339942105,0.989119726788,0.105485245357,0.0156603072892,0.638099443568,-0.528425926386,0.159252935884,-0.0749033931704,0.995776921463,-0.0234988940253,0.0475983860255
5.455708,0.751080480596,0.443984983766,0.208921108325,0.101339942105,0.989119726788,0.105485245357,0.0156603072892,0.638099443568,-0.528425926386,0.159252935884,-0.0749033931704,0.995776921463,-0.0234988940253,0.0475983860255
5.465684,0.751046462525,0.443623751392,0.208934138564,0.102039109614,0.989071260761,0.105301527413,0.015415886974,0.63824756035,-0.527704274711,0.15926512079,-0.0753022894152,0.995749421075,-0.0233275954196,0.0476285516207
5.475667,0.750628126121,0.443953139673,0.208840526739,0.101699295394,0.989097171985,0.105448359648,0.0149893673825,0.63824756035,-0.527704274711,0.15926512079,-0.0753022894152,0.995749421075,-0.0233275954196,0.0476285516207
5.485695,0.75091845477,0.443759244666,0.208639485293,0.101944124358,0.989056705684,0.105564163839,0.0151801108094,0.63824756035,-0.527704274711,0.15926512079,-0.0754932205899,0.995734963737,-0.0233367276511,0.0476240777347
5.495761,0.751347565844,0.443511608371,0.208889252539,0.102077169216,0.989058943657,0.105345608675,0.0156512053804,0.638453436536,-0.527993727535,0.159268074698,-0.0750969131159,0.995752658973,-0.0234969019636,0.0478015835218
5.505747,0.750753448303,0.444018360648,0.208316711703,0.101805327905,0.989064063953,0.105659306906,0.0149687498317,0.63828758288,-0.527523800311,0.159375684065,-0.0752628742994,0.9957586761,-0.0230185036172,0.047647740928
5.515724,0.750678255414,0.443981737001,0.208532944305,0.10176715735,0.989073864449,0.105602861598,0.0149790510663,0.638558190315,-0.527720224306,0.159666550524,-0.0756510004005,0.995707523216,-0.0233459162998,0.0479418662705
5.525686,0.750484943422,0.443281145395,0.208201421995,0.102250419126,0.989074103992,0.105197828025,0.014515012246,0.638152615332,-0.527535954509,0.159084865328,-0.075559376712,0.995744506836,-0.0232949643337,0.0473392261536
5.535686,0.750484943422,0.443281145395,0.208201421995,0.102250419126,0.989074103992,0.105197828025,0.014515012246,0.638152615332,-0.527535954509,0.159084865328,-0.075559376712,0.995744506836,-0.0232949643337,0.0473392261536
5.545953,0.751013892693,0.444111639026,0.208855767295,0.101403561106,0.989099294493,0.105653251822,0.015404343829,0.638307741206,-0.527406326056,0.15909505863,-0.0760604494562,0.995699664064,-0.0231720259146,0.0475399224429
5.555675,0.750619129886,0.44361267312,0.208454761332,0.102306347764,0.989031070411,0.105514199334,0.01475488756,0.638349022664,-0.527253478037,0.159512319716,-0.0752721063783,0.995758074626,-0.0230535866122,0.0476287619354
5.565776,0.750282470852,0.44419641533,0.208365629667,0.101924059829,0.989076446152,0.105486268568,0.0145573637363,0.638278198423,-0.527567426698,0.159282803558,-0.0757110630527,0.995727164355,-0.0234531999005,0.0473835046263
5.575664,0.750282470852,0.44419641533,0.208365629667,0.101924059829,0.989076446152,0.105486268568,0.0145573637363,0.638278198423,-0.527567426698,0.159282803558,-0.0757110630527,0.995727164355,-0.0234531999005,0.0473835046263
5.585737,0.750282470852,0.44419641533,0.208365629667,0.101924059829,0.989076446152,0.105486268568,0.0145573637363,0.638278198423,-0.527567426698,0.159282803558,-0.0757110630527,0.995727164355,-0.0234531999005,0.0473835046263
5.595651,0.750907524221,0.444601059525,0.208835694482,0.10172249727,0.989077040734,0.105548593931,0.0154478270698,0.638522813642,-0.527585976656,0.159399964591,-0.0754137275373,0.995731751006,-0.0233751541647,0.0477980324473
5.605687,0.750984657666,0.443739316371,0.208814423333,0.102214537699,0.989060156723,0.105235037726,0.0154201653763,0.638673895283,-0.527463743524,0.159643650212,-0.0757699381375,0.995693440273,-0.0235099637755,0.0479663535793
5.615650,0.750801167007,0.443165574552,0.208649361965,0.101992014798,0.989101963013,0.105095455318,0.0151618254845,0.638185789355,-0.527245312209,0.159125917904,-0.075307564536,0.995761142183,-0.023078399058,0.0474963781761
5.625691,0.750918060918,0.443866028489,0.208749032283,0.101519451106,0.989117842373,0.105391113052,0.0152449413201,0.638171448656,-0.527860996168,0.159306867815,-0.0744135576996,0.995822925965,-0.023205448799,0.0475481829116
5.635734,0.750918060918,0.443866028489,0.208749032283,0.101519451106,0.989117842373,0.105391113052,0.0152449413201,0.638171448656,-0.527860996168,0.159306867815,-0.0744135576996,0.995822925965,-0.023205448799,0.0475481829116
5.645714,0.750918060918,0.443866028489,0.208749032283,0.101519451106,0.989117842373,0.105391113052,0.0152449413201,0.638171448656,-0.527860996168,0.159306867815,-0.0744135576996,0.995822925965,-0.023205448799,0.0475481829116
5.655703,0.750834747317,0.443763306196,0.208865194331,0.10215522002,0.989016244906,0.105753291794,0.0150804379757,0.638435125607,-0.527531568428,0.159390608249,-0.0750743988814,0.99576322749,-0.0230341009542,0.0478420275896
5.665706,0.750963355232,0.443701841017,0.208768076647,0.102072770572,0.989067864908,0.105324981215,0.0152498014936,0.638104813945,-0.528030274566,0.159188632508,-0.0747842108622,0.995802906232,-0.0228407604895,0.04756252102
5.675675,0.750841142007,0.443981346232,0.209085580923,0.101695419496,0.989084613546,0.105516526781,0.0153600610882,0.638269941316,-0.527899480596,0.159715908129,-0.0750831230892,0.995756501748,-0.0233755998195,0.0478026692337
5.685750,0.750372345517,0.444336190908,0.208751821041,0.101620331771,0.989128718452,0.105229225081,0.0149832137332,0.638297267487,-0.527285193178,0.159040108875,-0.0753258786131,0.995766665181,-0.0228273089396,0.0474728816493
5.695737,0.750372345517,0.444336190908,0.208751821041,0.101620331771,0.989128718452,0.105229225081,0.0149832137332,0.638297267487,-0.527285193178,0.159040108875,-0.0753258786131,0.995766665181,-0.0228273089396,0.0474728816493
5.705887,0.751022828124,0.443463756626,0.208722405925,0.101475437125,0.989139796687,0.105211856965,0.015351332983,0.637893355432,-0.528217473983,0.159158693307,-0.0755240038298,0.995737540924,-0.0237352210737,0.0473235007229
5.715670,0.750291745453,0.44403641213,0.208737168702,0.101403399252,0.989174173185,0.105054686535,0.0146737370796,0.638371325826,-0.526978733692,0.159153789309,-0.0760267310603,0.995708546695,-0.0230718925038,0.0474564429706
5.725715,0.750847214296,0.444510173433,0.209143508678,0.101541031743,0.989094559256,0.105582452892,0.0152878174944,0.638407671244,-0.526927882927,0.159035699648,-0.0752516990234,0.995775115117,-0.0226344721979,0.0475056057371
5.735688,0.750847214296,0.444510173433,0.209143508678,0.101541031743,0.989094559256,0.105582452892,0.0152878174944,0.638407671244,-0.526927882927,0.159035699648,-0.0752516990234,0.995775115117,-0.0226344721979,0.0475056057371
5.745713,0.750847214296,0.444510173433,0.209143508678,0.101541031743,0.989094559256,0.105582452892,0.0152878174944,0.638407671244,-0.526927882927,0.159035699648,-0.0752516990234,0.995775115117,-0.0226344721979,0.0475056057371
5.756061,0.750604512588,0.443793198186,0.208628938307,0.102083895086,0.989068047414,0.105373276624,0.0148239172211,0.638591871252,-0.527178297276,0.159531962779,-0.0757305790546,0.99571072238,-0.0232535243879,0.047794459265
5.765746,0.750458392905,0.444658810701,0.20841957326,0.101802533542,0.989066682518,0.105683432277,0.0146408278017,0.638560477774,-0.52756284708,0.159588509502,-0.075417235654,0.995731527147,-0.0232013657472,0.047881761036
5.775698,0.751187690481,0.443097769452,0.208935800736,0.102418274288,0.989032043447,0.105295680046,0.0154574865533,0.638527429483,-0.527994051118,0.159304463919,-0.075646817694,0.995697967057,-0.0237359752834,0.0479554047954
5.785701,0.751187690481,0.443097769452,0.208935800736,0.102418274288,0.989032043447,0.105295680046,0.0154574865533,0.638527429483,-0.527994051118,0.159304463919,-0.075646817694,0.995697967057,-0.0237359752834,0.0479554047954
5.795725,0.751209274897,0.443946376644,0.20883387299,0.102589790215,0.988953489599,0.105871303339,0.015414197454,0.638342435084,-0.527872690194,0.159445488689,-0.075045226671,0.99575417877,-0.0233603506284,0.0479178822061
5.805696,0.751209274897,0.443946376644,0.20883387299,0.102589790215,0.988953489599,0.105871303339,0.015414197454,0.638342435084,-0.527872690194,0.159445488689,-0.075045226671,0.99575417877,-0.0233603506284,0.0479178822061
5.815691,0.751209274897,0.443946376644,0.20883387299,0.102589790215,0.988953489599,0.105871303339,0.015414197454,0.638342435084,-0.527872690194,0.159445488689,-0.075045226671,0.99575417877,-0.0233603506284,0.0479178822061
5.825685,0.751209274897,0.443946376644,0.20883387299,0.102589790215,0.988953489599,0.105871303339,0.015414197454,0.638342435084,-0.527872690194,0.159445488689,-0.075045226671,0.99575417877,-0.0233603506284,0.0479178822061
5.835660,0.751140481869,0.444767787258,0.208845929613,0.101848596554,0.989020639421,0.105939492751,0.015551914845,0.638469252888,-0.528134783031,0.159396632102,-0.0754184716803,0.99571363805,-0.023783706965,0.0479660339652
5.845696,0.751541999492,0.443517623059,0.209144088487,0.10258818527,0.988951040919,0.105853574198,0.0157010744116,0.638427445818,-0.527668812684,0.159395209583,-0.0747667179281,0.995783476828,-0.0231907050214,0.0478267327717
5.855644,0.751701862163,0.443323972975,0.208973368267,0.101999207705,0.98902711141,0.105698261027,0.015792787578,0.638101735758,-0.527846280468,0.159094850369,-0.0752967004363,0.995757718006,-0.0231713631035,0.0475401079723
5.865696,0.751701862163,0.443323972975,0.208973368267,0.101999207705,0.98902711141,0.105698261027,0.015792787578,0.638101735758,-0.527846280468,0.159094850369,-0.0752967004363,0.995757718006,-0.0231713631035,0.0475401079723
5.875702,0.751701862163,0.443323972975,0.208973368267,0.101999207705,0.98902711141,0.105698261027,0.015792787578,0.638101735758,-0.527846280468,0.159094850369,-0.0752967004363,0.995757718006,-0.0231713631035,0.0475401079723
5.886144,0.751701862163,0.443323972975,0.208973368267,0.101999207705,0.98902711141,0.105698261027,0.015792787578,0.638101735758,-0.527846280468,0.159094850369,-0.0752967004363,0.995757718006,-0.0231713631035,0.0475401079723
5.895707,0.751701862163,0.443323972975,0.208973368267,0.101999207705,0.98902711141,0.105698261027,0.015792787578,0.638101735758,-0.527846280468,0.159094850369,-0.0752967004363,0.995757718006,-0.0231713631035,0.0475401079723
5.905693,0.751701862163,0.443323972975,0.208973368267,0.101999207705,0.98902711141,0.105698261027,0.015792787578,0.638101735758,-0.527846280468,0.159094850369,-0.0752967004363,0.995757718006,-0.0231713631035,0.0475401079723
5.915662,0.751701862163,0.443323972975,0.208973368267,0.101999207705,0.98902711141,0.105698261027,0.015792787578,0.638101735758,-0.527846280468,0.159094850369,-0.0752967004363,0.995757718006,-0.0231713631035,0.0475401079723
5.925696,0.751701862163,0.443323972975,0.208973368267,0.101999207705,0.98902711141,0.105698261027,0.015792787578,0.638101735758,-0.527846280468,0.159094850369,-0.0752967004363,0.995757718006,-0.0231713631035,0.0475401079723
5.936111,0.753215576258,0.442647939769,0.209679163797,0.10245810831,0.988944815106,0.105832860709,0.0170262829504,0.637972694208,-0.527515503661,0.159207824984,-0.0755327286397,0.995749155131,-0.0232944505516,0.0472841996226
5.945852,0.753215576258,0.442647939769,0.209679163797,0.10245810831,0.988944815106,0.105832860709,0.0170262829504,0.637972694208,-0.527515503661,0.159207824984,-0.0755327286397,0.995749155131,-0.0232944505516,0.0472841996226
5.955668,0.753215576258,0.442647939769,0.209679163797,0.10245810831,0.988944815106,0.105832860709,0.0170262829504,0.637972694208,-0.527515503661,0.159207824984,-0.0755327286397,0.995749155131,-0.0232944505516,0.0472841996226
5.965681,0.753215576258,0.442647939769,0.209679163797,0.10245810831,0.988944815106,0.105832860709,0.0170262829504,0.637972694208,-0.527515503661,0.159207824984,-0.0755327286397,0.995749155131,-0.0232944505516,0.0472841996226
5.975808,0.753215576258,0.442647939769,0.209679163797,0.10245810831,0.988944815106,0.105832860709,0.0170262829504,0.638480565565,-0.527867691563,0.159620543485,-0.0753160045551,0.995722813329,-0.0237005479447,0.0479777292192
5.985661,0.754233909375,0.44146337809,0.210166832799,0.0999829502983,0.989189834199,0.1056923928,0.0183302937858,0.638480565565,-0.527867691563,0.159620543485,-0.0753160045551,0.995722813329,-0.0237005479447,0.0479777292192
5.995684,0.754233909375,0.44146337809,0.210166832799,0.0999829502983,0.989189834199,0.1056923928,0.0183302937858,0.638480565565,-0.527867691563,0.159620543485,-0.0753160045551,0.995722813329,-0.0237005479447,0.0479777292192
6.005928,0.754233909375,0.44146337809,0.210166832799,0.0999829502983,0.989189834199,0.1056923928,0.0183302937858,0.638480565565,-0.527867691563,0.159620543485,-0.0753160045551,0.995722813329,-0.0237005479447,0.0479777292192
6.015727,0.754233909375,0.44146337809,0.210166832799,0.0999829502983,0.989189834199,0.1056923928,0.0183302937858,0.638702128958,-0.526820871633,0.15952744318,-0.0762292413779,0.99567558112,-0.0230880411858,0.0478140384634
6.025693,0.754954513493,0.439057988689,0.210541801669,0.0997605924839,0.989222590651,0.105527512734,0.0187198928886,0.638101735758,-0.527846280468,0.159094850369,-0.0749148266065,0.995786520706,-0.023153129997,0.0475489905827
6.035703,0.754876629175,0.438639998187,0.210362179643,0.0987527205457,0.989350950201,0.1052673798,0.0187450332234,0.638101735758,-0.527846280468,0.159094850369,-0.0749148266065,0.995786520706,-0.023153129997,0.0475489905827
6.045789,0.754876629175,0.438639998187,0.210362179643,0.0987527205457,0.989350950201,0.1052673798,0.0187450332234,0.638101735758,-0.527846280468,0.159094850369,-0.0749148266065,0.995786520706,-0.023153129997,0.0475489905827
6.055709,0.755473003114,0.437352199886,0.210247551814,0.0996676954122,0.989278003988,0.105025363433,0.0191063955706,0.638595948552,-0.527170818731,0.159298653507,-0.0754935999809,0.995733146909,-0.0229775678684,0.0478356340282
6.065709,0.755473003114,0.437352199886,0.210247551814,0.0996676954122,0.989278003988,0.105025363433,0.0191063955706,0.638595948552,-0.527170818731,0.159298653507,-0.0754935999809,0.995733146909,-0.0229775678684,0.0478356340282
6.075690,0.755473003114,0.437352199886,0.210247551814,0.0996676954122,0.989278003988,0.105025363433,0.0191063955706,0.638595948552,-0.527170818731,0.159298653507,-0.0754935999809,0.995733146909,-0.0229775678684,0.0478356340282
6.085767,0.755473003114,0.437352199886,0.210247551814,0.0996676954122,0.989278003988,0.105025363433,0.0191063955706,0.638595948552,-0.527170818731,0.159298653507,-0.0754935999809,0.995733146909,-0.0229775678684,0.0478356340282
6.095711,0.755473003114,0.437352199886,0.210247551814,0.0996676954122,0.989278003988,0.105025363433,0.0191063955706,0.638595948552,-0.527170818731,0.159298653507,-0.0754935999809,0.995733146909,-0.0229775678684,0.0478356340282
6.105669,0.756839136676,0.433594080146,0.210082388612,0.102422925221,0.989032761318,0.104540227851,0.0198766745039,0.638285441919,-0.528159455005,0.159280633199,-0.0748587057047,0.995782354345,-0.0234558741757,0.0475762432497
6.116246,0.756947338175,0.432903361096,0.209871446154,0.102618574612,0.989023335313,0.104449799529,0.0198118582864,0.638318992778,-0.527868786742,0.159321766489,-0.0753707596723,0.995741275777,-0.0232758476151,0.0477157753613
6.125724,0.757454963904,0.43150270093,0.209412125487,0.103209478088,0.9889819504,0.104260184128,0.0198070548453,0.63863518142,-0.527378528052,0.159240075937,-0.0755273163856,0.995724246352,-0.0230599757845,0.0479279378164
6.135688,0.757454963904,0.43150270093,0.209412125487,0.103209478088,0.9889819504,0.104260184128,0.0198070548453,0.63863518142,-0.527378528052,0.159240075937,-0.0755273163856,0.995724246352,-0.0230599757845,0.0479279378164
6.145747,0.757454963904,0.43150270093,0.209412125487,0.103209478088,0.9889819504,0.104260184128,0.0198070548453,0.63863518142,-0.527378528052,0.159240075937,-0.0755273163856,0.995724246352,-0.0230599757845,0.0479279378164
6.155690,0.757454963904,0.43150270093,0.209412125487,0.103209478088,0.9889819504,0.104260184128,0.0198070548453,0.63863518142,-0.527378528052,0.159240075937,-0.0755273163856,0.995724246352,-0.0230599757845,0.0479279378164
6.165700,0.757454963904,0.43150270093,0.209412125487,0.103209478088,0.9889819504,0.104260184128,0.0198070548453,0.63863518142,-0.527378528052,0.159240075937,-0.0755273163856,0.995724246352,-0.0230599757845,0.0479279378164
6.175684,0.757454963904,0.43150270093,0.209412125487,0.103209478088,0.9889819504,0.104260184128,0.0198070548453,0.63863518142,-0.527378528052,0.159240075937,-0.0755273163856,0.995724246352,-0.0230599757845,0.0479279378164
6.185695,0.757454963904,0.43150270093,0.209412125487,0.103209478088,0.9889819504,0.104260184128,0.0198070548453,0.63863518142,-0.527378528052,0.159240075937,-0.0755273163856,0.995724246352,-0.0230599757845,0.0479279378164
6.195727,0.757454963904,0.43150270093,0.209412125487,0.103209478088,0.9889819504,0.104260184128,0.0198070548453,0.63863518142,-0.527378528052,0.159240075937,-0.0755273163856,0.995724246352,-0.0230599757845,0.0479279378164
6.205703,0.757454963904,0.43150270093,0.209412125487,0.103209478088,0.9889819504,0.104260184128,0.0198070548453,0.63863518142,-0.527378528052,0.159240075937,-0.0755273163856,0.995724246352,-0.0230599757845,0.0479279378164
6.215796,0.757454963904,0.43150270093,0.209412125487,0.103209478088,0.9889819504,0.104260184128,0.0198070548453,0.63863518142,-0.527378528052,0.159240075937,-0.0755273163856,0.995724246352,-0.0230599757845,0.0479279378164
6.225667,0.760917225279,0.42036114023,0.203952709679,0.11129959603,0.988132045173,0.104041962269,0.0195635199326,0.638536574091,-0.528306683964,0.159686910031,-0.0749600984032,0.995740668872,-0.0239711554221,0.0480300708963
6.235681,0.760917225279,0.42036114023,0.203952709679,0.11129959603,0.988132045173,0.104041962269,0.0195635199326,0.638536574091,-0.528306683964,0.159686910031,-0.0749600984032,0.995740668872,-0.0239711554221,0.0480300708963
6.245728,0.760917225279,0.42036114023,0.203952709679,0.11129959603,0.988132045173,0.104041962269,0.0195635199326,0.638536574091,-0.528306683964,0.159686910031,-0.0749600984032,0.995740668872,-0.0239711554221,0.0480300708963
6.255693,0.760917225279,0.42036114023,0.203952709679,0.11129959603,0.988132045173,0.104041962269,0.0195635199326,0.638536574091,-0.528306683964,0.159686910031,-0.0749600984032,0.995740668872,-0.0239711554221,0.0480300708963
6.265725,0.760917225279,0.42036114023,0.203952709679,0.11129959603,0.988132045173,0.104041962269,0.0195635199326,0.638536574091,-0.528306683964,0.159686910031,-0.0749600984032,0.995740668872,-0.0239711554221,0.0480300708963
6.275710,0.760917225279,0.42036114023,0.203952709679,0.11129959603,0.988132045173,0.104041962269,0.0195635199326,0.638536574091,-0.528306683964,0.159686910031,-0.0749600984032,0.995740668872,-0.0239711554221,0.0480300708963
6.285702,0.760917225279,0.42036114023,0.203952709679,0.11129959603,0.988132045173,0.104041962269,0.0195635199326,0.638536574091,-0.528306683964,0.159686910031,-0.0749600984032,0.995740668872,-0.0239711554221,0.0480300708963
6.295688,0.760917225279,0.42036114023,0.203952709679,0.11129959603,0.988132045173,0.104041962269,0.0195635199326,0.638536574091,-0.528306683964,0.159686910031,-0.0749600984032,0.995740668872,-0.0239711554221,0.0480300708963
6.305693,0.760917225279,0.42036114023,0.203952709679,0.11129959603,0.988132045173,0.104041962269,0.0195635199326,0.638536574091,-0.528306683964,0.159686910031,-0.0749600984032,0.995740668872,-0.0239711554221,0.0480300708963
6.315688,0.760917225279,0.42036114023,0.203952709679,0.11129959603,0.988132045173,0.104041962269,0.0195635199326,0.638536574091,-0.528306683964,0.159686910031,-0.0749600984032,0.995740668872,-0.0239711554221,0.0480300708963
6.325686,0.760917225279,0.42036114023,0.203952709679,0.11129959603,0.988132045173,0.104041962269,0.0195635199326,0.638536574091,-0.528306683964,0.159686910031,-0.0749600984032,0.995740668872,-0.0239711554221,0.0480300708963
6.335691,0.760917225279,0.42036114023,0.203952709679,0.11129959603,0.988132045173,0.104041962269,0.0195635199326,0.638536574091,-0.528306683964,0.159686910031,-0.0749600984032,0.995740668872,-0.0239711554221,0.0480300708963
6.345698,0.760917225279,0.42036114023,0.203952709679,0.11129959603,0.988132045173,0.104041962269,0.0195635199326,0.638536574091,-0.528306683964,0.159686910031,-0.0749600984032,0.995740668872,-0.0239711554221,0.0480300708963
6.355694,0.76276609749,0.41692351676,0.201106150525,0.114772884774,0.987676554448,0.104555531704,0.0197572645858,0.638388276266,-0.527461113653,0.159453742233,-0.075305804944,0.995749198017,-0.0231358520295,0.0477210932485
6.365707,0.76276609749,0.41692351676,0.201106150525,0.114772884774,0.987676554448,0.104555531704,0.0197572645858,0.638388276266,-0.527461113653,0.159453742233,-0.075305804944,0.995749198017,-0.0231358520295,0.0477210932485
6.375776,0.76276609749,0.41692351676,0.201106150525,0.114772884774,0.987676554448,0.104555531704,0.0197572645858,0.638388276266,-0.527461113653,0.159453742233,-0.075305804944,0.995749198017,-0.0231358520295,0.0477210932485
6.385683,0.76276609749,0.41692351676,0.201106150525,0.114772884774,0.987676554448,0.104555531704,0.0197572645858,0.638388276266,-0.527461113653,0.159453742233,-0.075305804944,0.995749198017,-0.0231358520295,0.0477210932485
6.395757,0.76276609749,0.41692351676,0.201106150525,0.114772884774,0.987676554448,0.104555531704,0.0197572645858,0.638388276266,-0.527461113653,0.159453742233,-0.075305804944,0.995749198017,-0.0231358520295,0.0477210932485
6.405710,0.76276609749,0.41692351676,0.201106150525,0.114772884774,0.987676554448,0.104555531704,0.0197572645858,0.638388276266,-0.527461113653,0.159453742233,-0.075305804944,0.995749198017,-0.0231358520295,0.0477210932485
6.417528,0.76276609749,0.41692351676,0.201106150525,0.114772884774,0.987676554448,0.104555531704,0.0197572645858,0.638388276266,-0.527461113653,0.159453742233,-0.075305804944,0.995749198017,-0.0231358520295,0.0477210932485
6.425691,0.76276609749,0.41692351676,0.201106150525,0.114772884774,0.987676554448,0.104555531704,0.0197572645858,0.638388276266,-0.527461113653,0.159453742233,-0.075305804944,0.995749198017,-0.0231358520295,0.0477210932485
6.435703,0.76276609749,0.41692351676,0.201106150525,0.114772884774,0.987676554448,0.104555531704,0.0197572645858,0.638388276266,-0.527461113653,0.159453742233,-0.075305804944,0.995749198017,-0.0231358520295,0.0477210932485
6.445715,0.76276609749,0.41692351676,0.201106150525,0.114772884774,0.987676554448,0.104555531704,0.0197572645858,0.638388276266,-0.527461113653,0.159453742233,-0.075305804944,0.995749198017,-0.0231358520295,0.0477210932485
6.455696,0.76276609749,0.41692351676,0.201106150525,0.114772884774,0.987676554448,0.104555531704,0.0197572645858,0.638388276266,-0.527461113653,0.159453742233,-0.075305804944,0.995749198017,-0.0231358520295,0.0477210932485
6.465732,0.76276609749,0.41692351676,0.201106150525,0.114772884774,0.987676554448,0.104555531704,0.0197572645858,0.638388276266,-0.527461113653,0.159453742233,-0.075305804944,0.995749198017,-0.0231358520295,0.0477210932485
6.475749,0.76276609749,0.41692351676,0.201106150525,0.114772884774,0.987676554448,0.104555531704,0.0197572645858,0.638388276266,-0.527461113653,0.159453742233,-0.075305804944,0.995749198017,-0.0231358520295,0.0477210932485
6.485694,0.768728012097,0.400855626633,0.187552234889,0.128918730475,0.985726703205,0.106777687953,0.017926317996,0.638388276266,-0.527461113653,0.159453742233,-0.075305804944,0.995749198017,-0.0231358520295,0.0477210932485
6.495725,0.768728012097,0.400855626633,0.187552234889,0.128918730475,0.985726703205,0.106777687953,0.017926317996,0.638388276266,-0.527461113653,0.159453742233,-0.075305804944,0.995749198017,-0.0231358520295,0.0477210932485
6.506367,0.768728012097,0.400855626633,0.187552234889,0.128918730475,0.985726703205,0.106777687953,0.017926317996,0.638388276266,-0.527461113653,0.159453742233,-0.075305804944,0.995749198017,-0.0231358520295,0.0477210932485
6.515703,0.768728012097,0.400855626633,0.187552234889,0.128918730475,0.985726703205,0.106777687953,0.017926317996,0.638388276266,-0.527461113653,0.159453742233,-0.075305804944,0.995749198017,-0.0231358520295,0.0477210932485
6.525770,0.768728012097,0.400855626633,0.187552234889,0.128918730475,0.985726703205,0.106777687953,0.017926317996,0.638388276266,-0.527461113653,0.159453742233,-0.075305804944,0.995749198017,-0.0231358520295,0.0477210932485
6.536132,0.774829470898,0.383828729693,0.175062221295,0.141487755523,0.983835980359,0.108323159687,0.0177220727602,0.639125310977,-0.52743962934,0.15968016291,-0.0749921577432,0.995738192395,-0.0233101352724,0.0483556209437
6.545797,0.774829470898,0.383828729693,0.175062221295,0.141487755523,0.983835980359,0.108323159687,0.0177220727602,0.639125310977,-0.52743962934,0.15968016291,-0.0749921577432,0.995738192395,-0.0233101352724,0.0483556209437
6.555697,0.776471342562,0.378565349247,0.170728643231,0.143814888867,0.983566723184,0.107691503634,0.0177853543832,0.638311286712,-0.528006027371,0.159326431662,-0.0752540299358,0.995747164088,-0.0234416252039,0.0476959788334
6.567769,0.776968613571,0.376926390445,0.169627306588,0.14437552603,0.983515002254,0.107365823196,0.0180700811921,0.637856652477,-0.528022379988,0.159406191624,-0.0741280264167,0.995848060491,-0.0229603108065,0.0475867654174
6.575711,0.776968613571,0.376926390445,0.169627306588,0.14437552603,0.983515002254,0.107365823196,0.0180700811921,0.637856652477,-0.528022379988,0.159406191624,-0.0741280264167,0.995848060491,-0.0229603108065,0.0475867654174
6.585820,0.776968613571,0.376926390445,0.169627306588,0.14437552603,0.983515002254,0.107365823196,0.0180700811921,0.637856652477,-0.528022379988,0.159406191624,-0.0741280264167,0.995848060491,-0.0229603108065,0.0475867654174
6.595887,0.776968613571,0.376926390445,0.169627306588,0.14437552603,0.983515002254,0.107365823196,0.0180700811921,0.637856652477,-0.528022379988,0.159406191624,-0.0741280264167,0.995848060491,-0.0229603108065,0.0475867654174
6.605707,0.776968613571,0.376926390445,0.169627306588,0.14437552603,0.983515002254,0.107365823196,0.0180700811921,0.637856652477,-0.528022379988,0.159406191624,-0.0741280264167,0.995848060491,-0.0229603108065,0.0475867654174
6.615665,0.776968613571,0.376926390445,0.169627306588,0.14437552603,0.983515002254,0.107365823196,0.0180700811921,0.637856652477,-0.528022379988,0.159406191624,-0.0741280264167,0.995848060491,-0.0229603108065,0.0475867654174
6.625675,0.77769760054,0.373848993493,0.168075880909,0.145626160306,0.983400076381,0.1066842906,0.0183241193009,0.638165872211,-0.527111738181,0.159230998068,-0.0750321827667,0.995791978633,-0.0230585820969,0.0472949112645
6.635655,0.782911747828,0.359700330844,0.15927182032,0.1505555001,0.982817560961,0.104611448968,0.0214272723525,0.638448398755,-0.527163174169,0.15928373542,-0.0754911500382,0.995743005284,-0.0229529136435,0.0476457495348
6.645736,0.782911747828,0.359700330844,0.15927182032,0.1505555001,0.982817560961,0.104611448968,0.0214272723525,0.638448398755,-0.527163174169,0.15928373542,-0.0754911500382,0.995743005284,-0.0229529136435,0.0476457495348
6.655691,0.782911747828,0.359700330844,0.15927182032,0.1505555001,0.982817560961,0.104611448968,0.0214272723525,0.638448398755,-0.527163174169,0.15928373542,-0.0754911500382,0.995743005284,-0.0229529136435,0.0476457495348
6.665678,0.782911747828,0.359700330844,0.15927182032,0.1505555001,0.982817560961,0.104611448968,0.0214272723525,0.638448398755,-0.527163174169,0.15928373542,-0.0754911500382,0.995743005284,-0.0229529136435,0.0476457495348
6.675686,0.784589316737,0.353506310152,0.154560689821,0.151442538424,0.98279903746,0.103283086107,0.0224457935408,0.638833995817,-0.528439600762,0.160020033952,-0.075414112093,0.995691082876,-0.0242041819704,0.0482300399428
6.685699,0.786332206981,0.348634548995,0.151919685773,0.152189041789,0.982787539421,0.101963146438,0.0238885890317,0.638108532575,-0.527367710676,0.158918697998,-0.0756922596203,0.995730229291,-0.0231917886926,0.0474777131638
6.695728,0.786332206981,0.348634548995,0.151919685773,0.152189041789,0.982787539421,0.101963146438,0.0238885890317,0.638108532575,-0.527367710676,0.158918697998,-0.0756922596203,0.995730229291,-0.0231917886926,0.0474777131638
6.705690,0.786332206981,0.348634548995,0.151919685773,0.152189041789,0.982787539421,0.101963146438,0.0238885890317,0.638108532575,-0.527367710676,0.158918697998,-0.0756922596203,0.995730229291,-0.0231917886926,0.0474777131638
6.715735,0.788565000216,0.341625415252,0.146965838768,0.154127659131,0.98256357208,0.100874889123,0.0252536780743,0.638146507046,-0.5270377597,0.159184512263,-0.0754648135045,0.995755539832,-0.0230053409109,0.0473995897293
6.725766,0.788565000216,0.341625415252,0.146965838768,0.154127659131,0.98256357208,0.100874889123,0.0252536780743,0.638479651097,-0.527759436928,0.159405484957,-0.0746949668097,0.995782052016,-0.0230585027351,0.0480319921248
6.735705,0.788565000216,0.341625415252,0.146965838768,0.154127659131,0.98256357208,0.100874889123,0.0252536780743,0.638479651097,-0.527759436928,0.159405484957,-0.0746949668097,0.995782052016,-0.0230585027351,0.0480319921248
6.745673,0.790870750538,0.333319214466,0.142422312709,0.155537642654,0.982491495759,0.0989262642782,0.027057285785,0.638152197731,-0.528265252454,0.159087398543,-0.0753539638671,0.995747869335,-0.0234999989693,0.0474943248511
6.755693,0.790870750538,0.333319214466,0.142422312709,0.155537642654,0.982491495759,0.0989262642782,0.027057285785,0.638152197731,-0.528265252454,0.159087398543,-0.0753539638671,0.995747869335,-0.0234999989693,0.0474943248511
6.765724,0.79259901229,0.328917324074,0.140804522143,0.155128667048,0.98261718487,0.0977825823439,0.0289332204867,0.638129597314,-0.527591365627,0.158809692809,-0.0758293339054,0.995721782557,-0.0231406945831,0.0474610589378
6.775657,0.792865259663,0.325420446892,0.138609696103,0.156200173577,0.98255547115,0.0966995142427,0.0289042528487,0.63833473901,-0.527280547171,0.159447378371,-0.0755158668337,0.99572792938,-0.0233393650579,0.0477338302153
6.785700,0.793826854201,0.323199268394,0.13754330139,0.156115059322,0.982591489028,0.0961674747966,0.0298976710383,0.638195426755,-0.527613893018,0.159255046315,-0.0755648969595,0.995736208029,-0.0234690898206,0.0474189011992
6.795754,0.793826854201,0.323199268394,0.13754330139,0.156115059322,0.982591489028,0.0961674747966,0.0298976710383,0.638195426755,-0.527613893018,0.159255046315,-0.0755648969595,0.995736208029,-0.0234690898206,0.0474189011992
6.805708,0.793826854201,0.323199268394,0.13754330139,0.156115059322,0.982591489028,0.0961674747966,0.0298976710383,0.638195426755,-0.527613893018,0.159255046315,-0.0755648969595,0.995736208029,-0.0234690898206,0.0474189011992
6.815714,0.794471311648,0.320633717645,0.135885809471,0.156013782475,0.982689192382,0.0950965769759,0.0306315507315,0.637844910765,-0.527641364355,0.159087904046,-0.0756146754456,0.995742503865,-0.0232805703315,0.0473001257852
6.825697,0.79592639101,0.311436735393,0.131187683198,0.158231932221,0.982550345201,0.0924972083342,0.0316502957573,0.638204231479,-0.528355826412,0.159097509436,-0.0747094213825,0.995789731286,-0.0233404534878,0.0477130658536
6.835731,0.79592639101,0.311436735393,0.131187683198,0.158231932221,0.982550345201,0.0924972083342,0.0316502957573,0.638204231479,-0.528355826412,0.159097509436,-0.0747094213825,0.995789731286,-0.0233404534878,0.0477130658536
6.845727,0.79592639101,0.311436735393,0.131187683198,0.158231932221,0.982550345201,0.0924972083342,0.0316502957573,0.638204231479,-0.528355826412,0.159097509436,-0.0747094213825,0.995789731286,-0.0233404534878,0.0477130658536
6.855678,0.79592639101,0.311436735393,0.131187683198,0.158231932221,0.982550345201,0.0924972083342,0.0316502957573,0.638204231479,-0.528355826412,0.159097509436,-0.0747094213825,0.995789731286,-0.0233404534878,0.0477130658536
6.865705,0.79592639101,0.311436735393,0.131187683198,0.158231932221,0.982550345201,0.0924972083342,0.0316502957573,0.638204231479,-0.528355826412,0.159097509436,-0.0747094213825,0.995789731286,-0.0233404534878,0.0477130658536
6.875694,0.796957600968,0.302692323544,0.126128971917,0.159037581718,0.982676151216,0.0893721625164,0.0326687312311,0.638371594814,-0.52770807474,0.159156256578,-0.0754394072214,0.995741030183,-0.0232586967739,0.0476206853488
6.885688,0.796957600968,0.302692323544,0.126128971917,0.159037581718,0.982676151216,0.0893721625164,0.0326687312311,0.638371594814,-0.52770807474,0.159156256578,-0.0754394072214,0.995741030183,-0.0232586967739,0.0476206853488
6.895777,0.796957600968,0.302692323544,0.126128971917,0.159037581718,0.982676151216,0.0893721625164,0.0326687312311,0.638371594814,-0.52770807474,0.159156256578,-0.0754394072214,0.995741030183,-0.0232586967739,0.0476206853488
6.905904,0.7983546266,0.294905274772,0.122100491982,0.158689627611,0.9829599158,0.0862523349286,0.034175147971,0.638371594814,-0.52770807474,0.159156256578,-0.0754394072214,0.995741030183,-0.0232586967739,0.0476206853488
6.915715,0.7983546266,0.294905274772,0.122100491982,0.158689627611,0.9829599158,0.0862523349286,0.034175147971,0.638371594814,-0.52770807474,0.159156256578,-0.0754394072214,0.995741030183,-0.0232586967739,0.0476206853488
6.925761,0.7983546266,0.294905274772,0.122100491982,0.158689627611,0.9829599158,0.0862523349286,0.034175147971,0.638371594814,-0.52770807474,0.159156256578,-0.0754394072214,0.995741030183,-0.0232586967739,0.0476206853488
6.935662,0.7983546266,0.294905274772,0.122100491982,0.158689627611,0.9829599158,0.0862523349286,0.034175147971,0.638371594814,-0.52770807474,0.159156256578,-0.0754394072214,0.995741030183,-0.0232586967739,0.0476206853488
6.945715,0.7983546266,0.294905274772,0.122100491982,0.158689627611,0.9829599158,0.0862523349286,0.034175147971,0.637827338383,-0.528194862387,0.15871311812,-0.0752157583081,0.995766642996,-0.0233796026446,0.0473790732127
6.956398,0.801323380988,0.276539102397,0.113189050738,0.160735887471,0.98306357426,0.0796120337349,0.0375753579635,0.638483438369,-0.528107868882,0.159461218212,-0.0749835970077,0.995758314088,-0.0234889042485,0.0478655563221
6.965785,0.802210987289,0.27041137044,0.109869713068,0.160830455871,0.98319717066,0.0771616435634,0.0387681419943,0.638437851844,-0.527789859045,0.159450279194,-0.0751194783998,0.995745622914,-0.0235172323028,0.0479025907208
6.975745,0.80288067268,0.267364044888,0.107762571373,0.161296968042,0.983182711119,0.0759135975312,0.0396506036139,0.638539908977,-0.527461429622,0.159235416088,-0.0750711921523,0.995761613769,-0.0228847203825,0.047952207733
6.985690,0.80288067268,0.267364044888,0.107762571373,0.161296968042,0.983182711119,0.0759135975312,0.0396506036139,0.638539908977,-0.527461429622,0.159235416088,-0.0750711921523,0.995761613769,-0.0228847203825,0.047952207733
6.995920,0.803296945235,0.262022292225,0.104317648973,0.160995576428,0.983336681348,0.0741100617921,0.0404610210799,0.638752521065,-0.527798488195,0.159618460054,-0.0752312557879,0.995726112185,-0.0232597680068,0.0482571327203
7.005693,0.803756532094,0.258996686298,0.102566721444,0.160491108155,0.983467166054,0.0731494856067,0.041037668711,0.638752521065,-0.527798488195,0.159618460054,-0.0752312557879,0.995726112185,-0.0232597680068,0.0482571327203
7.015687,0.803756532094,0.258996686298,0.102566721444,0.160491108155,0.983467166054,0.0731494856067,0.041037668711,0.638752521065,-0.527798488195,0.159618460054,-0.0752312557879,0.995726112185,-0.0232597680068,0.0482571327203
7.025678,0.803756532094,0.258996686298,0.102566721444,0.160491108155,0.983467166054,0.0731494856067,0.041037668711,0.638001004567,-0.526872844364,0.159091849146,-0.0756102975701,0.995760271264,-0.0228545342332,0.0471405912079
7.035707,0.803756532094,0.258996686298,0.102566721444,0.160491108155,0.983467166054,0.0731494856067,0.041037668711,0.638001004567,-0.526872844364,0.159091849146,-0.0756102975701,0.995760271264,-0.0228545342332,0.0471405912079
7.046419,0.806261642991,0.247814271962,0.0962253282607,0.158275256163,0.983900978299,0.0700180963949,0.0445564177925,0.638665298514,-0.527492726711,0.159433301803,-0.0754140637983,0.995729930161,-0.0230519659173,0.0479919996557
7.055816,0.806300930933,0.244892541685,0.0940148317397,0.158718930764,0.983887541665,0.0691824859808,0.0445801526109,0.637995204837,-0.527766783042,0.159405574755,-0.0754936822557,0.995746307871,-0.0234614235155,0.0473239464528
7.065715,0.806300930933,0.244892541685,0.0940148317397,0.158718930764,0.983887541665,0.0691824859808,0.0445801526109,0.637995204837,-0.527766783042,0.159405574755,-0.0754936822557,0.995746307871,-0.0234614235155,0.0473239464528
7.075698,0.806300930933,0.244892541685,0.0940148317397,0.158718930764,0.983887541665,0.0691824859808,0.0445801526109,0.637995204837,-0.527766783042,0.159405574755,-0.0754936822557,0.995746307871,-0.0234614235155,0.0473239464528
7.085715,0.808087545792,0.238620829302,0.0914427063477,0.157328384113,0.984087745803,0.0677818308794,0.0471668476248,0.638306292139,-0.52790501483,0.159344705431,-0.0754428525663,0.995740804216,-0.0231028340951,0.0476957636816
7.095731,0.808087545792,0.238620829302,0.0914427063477,0.157328384113,0.984087745803,0.0677818308794,0.0471668476248,0.638306292139,-0.52790501483,0.159344705431,-0.0754428525663,0.995740804216,-0.0231028340951,0.0476957636816
7.105696,0.807848071638,0.236182638358,0.0893257029031,0.156206372218,0.984318715877,0.0669776041591,0.0472253681118,0.638793843281,-0.527119097752,0.159479212522,-0.0754275011728,0.995723453567,-0.0230013926637,0.0481293259863
7.115679,0.807848071638,0.236182638358,0.0893257029031,0.156206372218,0.984318715877,0.0669776041591,0.0472253681118,0.638793843281,-0.527119097752,0.159479212522,-0.0754275011728,0.995723453567,-0.0230013926637,0.0481293259863
7.125725,0.807848071638,0.236182638358,0.0893257029031,0.156206372218,0.984318715877,0.0669776041591,0.0472253681118,0.638793843281,-0.527119097752,0.159479212522,-0.0754275011728,0.995723453567,-0.0230013926637,0.0481293259863
7.135708,0.808692272385,0.233845483689,0.0875544550166,0.155306197386,0.984423240283,0.0668471334145,0.0481905571472,0.638793843281,-0.527119097752,0.159479212522,-0.0754275011728,0.995723453567,-0.0230013926637,0.0481293259863
7.145699,0.808692272385,0.233845483689,0.0875544550166,0.155306197386,0.984423240283,0.0668471334145,0.0481905571472,0.638793843281,-0.527119097752,0.159479212522,-0.0754275011728,0.995723453567,-0.0230013926637,0.0481293259863
7.155723,0.808692272385,0.233845483689,0.0875544550166,0.155306197386,0.984423240283,0.0668471334145,0.0481905571472,0.638793843281,-0.527119097752,0.159479212522,-0.0754275011728,0.995723453567,-0.0230013926637,0.0481293259863
7.166256,0.812957328724,0.21426394898,0.0755632703498,0.143445297569,0.986144569512,0.0618668144827,0.055810679029,0.638950903596,-0.527495257118,0.159623312256,-0.0754963932593,0.99570311062,-0.0234076219052,0.0482461743976
7.175693,0.812957328724,0.21426394898,0.0755632703498,0.143445297569,0.986144569512,0.0618668144827,0.055810679029,0.638950903596,-0.527495257118,0.159623312256,-0.0754963932593,0.99570311062,-0.0234076219052,0.0482461743976
7.185812,0.81403679237,0.209556619667,0.0719910482447,0.138507759487,0.986817402935,0.0606430501572,0.057701250364,0.638891490483,-0.527664417833,0.159155349608,-0.0750516787567,0.995746645087,-0.0233288917732,0.0480793835517
7.195724,0.81403679237,0.209556619667,0.0719910482447,0.138507759487,0.986817402935,0.0606430501572,0.057701250364,0.638891490483,-0.527664417833,0.159155349608,-0.0750516787567,0.995746645087,-0.0233288917732,0.0480793835517
7.205762,0.81403679237,0.209556619667,0.0719910482447,0.138507759487,0.986817402935,0.0606430501572,0.057701250364,0.638891490483,-0.527664417833,0.159155349608,-0.0750516787567,0.995746645087,-0.0233288917732,0.0480793835517
7.215699,0.81537341366,0.200238715306,0.0666657381167,0.128605920452,0.988124838825,0.0578344995035,0.0610327026202,0.63782247866,-0.528394108019,0.15927367842,-0.0742220496426,0.995838864093,-0.0235553833818,0.0473411873854
7.225874,0.816385319752,0.198126093737,0.0652070096683,0.125559130655,0.988475791906,0.0570537073425,0.0624130435406,0.638260971796,-0.52727996076,0.15941119712,-0.0751569894441,0.995768027618,-0.0231092222462,0.0475754764481
7.235661,0.816385319752,0.198126093737,0.0652070096683,0.125559130655,0.988475791906,0.0570537073425,0.0624130435406,0.638260971796,-0.52727996076,0.15941119712,-0.0751569894441,0.995768027618,-0.0231092222462,0.0475754764481
7.245827,0.816385319752,0.198126093737,0.0652070096683,0.125559130655,0.988475791906,0.0570537073425,0.0624130435406,0.638260971796,-0.52727996076,0.15941119712,-0.0751569894441,0.995768027618,-0.0231092222462,0.0475754764481
7.255767,0.816385319752,0.198126093737,0.0652070096683,0.125559130655,0.988475791906,0.0570537073425,0.0624130435406,0.638260971796,-0.52727996076,0.15941119712,-0.0751569894441,0.995768027618,-0.0231092222462,0.0475754764481
7.265836,0.818469334867,0.186989477979,0.0583960833774,0.113476805536,0.989818967618,0.0538441736456,0.0669494653639,0.638249770864,-0.527546984854,0.159187159391,-0.0748774374515,0.995787705903,-0.0231741009927,0.0475728407344
7.275918,0.818423781353,0.183776988171,0.0559573403397,0.110190494409,0.990198355508,0.0528451162281,0.0676214860928,0.638937382733,-0.527863931297,0.159730474045,-0.0752707157709,0.995708754157,-0.0234982895304,0.0484378636114
7.285826,0.819355312435,0.181313572573,0.0540855497135,0.106782691982,0.990480407758,0.0524950681901,0.0692118946172,0.638429717886,-0.527511501582,0.159317254947,-0.0749147024882,0.995778597033,-0.0230646325406,0.0477576775835
7.295733,0.819355312435,0.181313572573,0.0540855497135,0.106782691982,0.990480407758,0.0524950681901,0.0692118946172,0.638429717886,-0.527511501582,0.159317254947,-0.0749147024882,0.995778597033,-0.0230646325406,0.0477576775835
7.305695,0.819355312435,0.181313572573,0.0540855497135,0.106782691982,0.990480407758,0.0524950681901,0.0692118946172,0.638429717886,-0.527511501582,0.159317254947,-0.0749147024882,0.995778597033,-0.0230646325406,0.0477576775835
7.315706,0.819355312435,0.181313572573,0.0540855497135,0.106782691982,0.990480407758,0.0524950681901,0.0692118946172,0.638429717886,-0.527511501582,0.159317254947,-0.0749147024882,0.995778597033,-0.0230646325406,0.0477576775835
7.325701,0.819355312435,0.181313572573,0.0540855497135,0.106782691982,0.990480407758,0.0524950681901,0.0692118946172,0.638429717886,-0.527511501582,0.159317254947,-0.0749147024882,0.995778597033,-0.0230646325406,0.0477576775835
7.335697,0.81902296745,0.178642464288,0.052099104507,0.10273659376,0.990956617798,0.0511742429647,0.0695080628483,0.637961347428,-0.52778238259,0.1589838126,-0.0750623919378,0.995783328274,-0.023350248781,0.0472860056364
7.345733,0.821432481517,0.164183074886,0.0427365977916,0.08435728703,0.992496321205,0.0461407269323,0.0755376319298,0.63822643269,-0.527480512395,0.159373961541,-0.0751652069921,0.995757784382,-0.0233786609245,0.0476451961207
7.355709,0.822750029097,0.160790816305,0.041984879782,0.080800442308,0.992669806267,0.0449313499567,0.0778403368362,0.638258751242,-0.527437272749,0.159489120539,-0.075581811833,0.995729634626,-0.0232627939718,0.0476311543399
7.365831,0.822684656497,0.157991585986,0.0395097130565,0.0778529624401,0.992888223187,0.0442564570212,0.0784427084432,0.638652255153,-0.527609863198,0.159364472744,-0.0753285992879,0.995736849355,-0.0232574107622,0.0478834189567
7.375728,0.822684656497,0.157991585986,0.0395097130565,0.0778529624401,0.992888223187,0.0442564570212,0.0784427084432,0.638652255153,-0.527609863198,0.159364472744,-0.0753285992879,0.995736849355,-0.0232574107622,0.0478834189567
7.385695,0.822684656497,0.157991585986,0.0395097130565,0.0778529624401,0.992888223187,0.0442564570212,0.0784427084432,0.638652255153,-0.527609863198,0.159364472744,-0.0753285992879,0.995736849355,-0.0232574107622,0.0478834189567
7.396023,0.824865269493,0.149776872684,0.0347017949293,0.0685300638485,0.993324093442,0.041426628874,0.0830343914054,0.638892907769,-0.527635953833,0.159715460641,-0.0756500607858,0.995689804,-0.0234738530023,0.0482479091728
7.405816,0.824865269493,0.149776872684,0.0347017949293,0.0685300638485,0.993324093442,0.041426628874,0.0830343914054,0.638892907769,-0.527635953833,0.159715460641,-0.0756500607858,0.995689804,-0.0234738530023,0.0482479091728
7.415705,0.824865269493,0.149776872684,0.0347017949293,0.0685300638485,0.993324093442,0.041426628874,0.0830343914054,0.638892907769,-0.527635953833,0.159715460641,-0.0756500607858,0.995689804,-0.0234738530023,0.0482479091728
7.425698,0.826290779911,0.143181313949,0.0285948475655,0.0605028751926,0.993611215529,0.0397406135852,0.0865842832161,0.638424866308,-0.527907031092,0.159381747269,-0.0750340359942,0.99575239697,-0.0237226471962,0.0477942818948
7.435700,0.82703058678,0.139138380913,0.0272670531575,0.0604419031386,0.993477509557,0.0391859125608,0.0883950145952,0.638424866308,-0.527907031092,0.159381747269,-0.0750340359942,0.99575239697,-0.0237226471962,0.0477942818948
7.445711,0.82703058678,0.139138380913,0.0272670531575,0.0604419031386,0.993477509557,0.0391859125608,0.0883950145952,0.638424866308,-0.527907031092,0.159381747269,-0.0750340359942,0.99575239697,-0.0237226471962,0.0477942818948
7.455689,0.82703058678,0.139138380913,0.0272670531575,0.0604419031386,0.993477509557,0.0391859125608,0.0883950145952,0.638424866308,-0.527907031092,0.159381747269,-0.0750340359942,0.99575239697,-0.0237226471962,0.0477942818948
7.465759,0.82703058678,0.139138380913,0.0272670531575,0.0604419031386,0.993477509557,0.0391859125608,0.0883950145952,0.638424866308,-0.527907031092,0.159381747269,-0.0750340359942,0.99575239697,-0.0237226471962,0.0477942818948
7.475746,0.828049896623,0.134003945457,0.0232726481256,0.0589045956966,0.993354156834,0.0386886870936,0.0909997428453,0.638487107719,-0.527977922638,0.159689996046,-0.074955386197,0.995758871396,-0.0235806017345,0.0478530598506
7.485713,0.828049896623,0.134003945457,0.0232726481256,0.0589045956966,0.993354156834,0.0386886870936,0.0909997428453,0.638487107719,-0.527977922638,0.159689996046,-0.074955386197,0.995758871396,-0.0235806017345,0.0478530598506
